In Bounds | Measured | Expected Bounds |     Diffs | Diffs/Measured
-----------------------------------------------------------------------------------------
True      |      135 |     125     153 |   10   18 | 0.0741 0.1333
True      |      135 |     125     153 |   10   18 | 0.0741 0.1333
True      |      300 |     270     333 |   30   33 | 0.1 0.11
True      |      135 |     125     153 |   10   18 | 0.0741 0.1333
True      |      135 |     125     153 |   10   18 | 0.0741 0.1333
True      |      300 |     270     333 |   30   33 | 0.1 0.11
True      |      135 |     125     153 |   10   18 | 0.0741 0.1333
True      |      135 |     125     153 |   10   18 | 0.0741 0.1333
True      |      300 |     270     333 |   30   33 | 0.1 0.11
True      |      135 |     125     153 |   10   18 | 0.0741 0.1333
True      |      135 |     125     153 |   10   18 | 0.0741 0.1333
True      |      300 |     270     333 |   30   33 | 0.1 0.11
True      |      135 |     125     153 |   10   18 | 0.0741 0.1333
True      |      135 |     125     153 |   10   18 | 0.0741 0.1333
True      |      300 |     270     333 |   30   33 | 0.1 0.11
True      |      135 |     125     153 |   10   18 | 0.0741 0.1333
True      |      135 |     125     153 |   10   18 | 0.0741 0.1333
True      |      300 |     270     333 |   30   33 | 0.1 0.11
True      |      135 |     125     153 |   10   18 | 0.0741 0.1333
True      |      135 |     125     153 |   10   18 | 0.0741 0.1333
True      |      300 |     270     333 |   30   33 | 0.1 0.11
True      |      135 |     125     153 |   10   18 | 0.0741 0.1333
True      |      135 |     125     153 |   10   18 | 0.0741 0.1333
True      |      300 |     270     333 |   30   33 | 0.1 0.11
True      |      135 |     125     153 |   10   18 | 0.0741 0.1333
True      |      135 |     125     153 |   10   18 | 0.0741 0.1333
True      |      300 |     270     333 |   30   33 | 0.1 0.11
True      |      135 |     125     153 |   10   18 | 0.0741 0.1333
True      |      135 |     125     153 |   10   18 | 0.0741 0.1333
True      |      300 |     270     333 |   30   33 | 0.1 0.11
True      |      267 |     241     297 |   26   30 | 0.0974 0.1124
True      |      267 |     241     297 |   26   30 | 0.0974 0.1124
True      |      432 |     386     477 |   46   45 | 0.1065 0.1042
True      |      267 |     241     297 |   26   30 | 0.0974 0.1124
True      |      267 |     241     297 |   26   30 | 0.0974 0.1124
True      |      432 |     386     477 |   46   45 | 0.1065 0.1042
True      |      267 |     241     297 |   26   30 | 0.0974 0.1124
True      |      267 |     241     297 |   26   30 | 0.0974 0.1124
True      |      432 |     386     477 |   46   45 | 0.1065 0.1042
True      |      267 |     241     297 |   26   30 | 0.0974 0.1124
True      |      267 |     241     297 |   26   30 | 0.0974 0.1124
True      |      432 |     386     477 |   46   45 | 0.1065 0.1042
True      |      267 |     241     297 |   26   30 | 0.0974 0.1124
True      |      267 |     241     297 |   26   30 | 0.0974 0.1124
True      |      432 |     386     477 |   46   45 | 0.1065 0.1042
True      |      267 |     241     297 |   26   30 | 0.0974 0.1124
True      |      267 |     241     297 |   26   30 | 0.0974 0.1124
True      |      432 |     386     477 |   46   45 | 0.1065 0.1042
True      |      267 |     241     297 |   26   30 | 0.0974 0.1124
True      |      267 |     241     297 |   26   30 | 0.0974 0.1124
True      |      432 |     386     477 |   46   45 | 0.1065 0.1042
True      |      267 |     241     297 |   26   30 | 0.0974 0.1124
True      |      267 |     241     297 |   26   30 | 0.0974 0.1124
True      |      432 |     386     477 |   46   45 | 0.1065 0.1042
True      |      267 |     241     297 |   26   30 | 0.0974 0.1124
True      |      267 |     241     297 |   26   30 | 0.0974 0.1124
True      |      432 |     386     477 |   46   45 | 0.1065 0.1042
True      |      267 |     241     297 |   26   30 | 0.0974 0.1124
True      |      267 |     241     297 |   26   30 | 0.0974 0.1124
True      |      432 |     386     477 |   46   45 | 0.1065 0.1042
True      |      399 |     357     441 |   42   42 | 0.1053 0.1053
True      |      399 |     357     441 |   42   42 | 0.1053 0.1053
True      |      564 |     502     621 |   62   57 | 0.1099 0.1011
True      |      399 |     357     441 |   42   42 | 0.1053 0.1053
True      |      399 |     357     441 |   42   42 | 0.1053 0.1053
True      |      564 |     502     621 |   62   57 | 0.1099 0.1011
True      |      399 |     357     441 |   42   42 | 0.1053 0.1053
True      |      399 |     357     441 |   42   42 | 0.1053 0.1053
True      |      564 |     502     621 |   62   57 | 0.1099 0.1011
True      |      399 |     357     441 |   42   42 | 0.1053 0.1053
True      |      399 |     357     441 |   42   42 | 0.1053 0.1053
True      |      564 |     502     621 |   62   57 | 0.1099 0.1011
True      |      399 |     357     441 |   42   42 | 0.1053 0.1053
True      |      399 |     357     441 |   42   42 | 0.1053 0.1053
True      |      564 |     502     621 |   62   57 | 0.1099 0.1011
True      |      399 |     357     441 |   42   42 | 0.1053 0.1053
True      |      399 |     357     441 |   42   42 | 0.1053 0.1053
True      |      564 |     502     621 |   62   57 | 0.1099 0.1011
True      |      399 |     357     441 |   42   42 | 0.1053 0.1053
True      |      399 |     357     441 |   42   42 | 0.1053 0.1053
True      |      564 |     502     621 |   62   57 | 0.1099 0.1011
True      |      399 |     357     441 |   42   42 | 0.1053 0.1053
True      |      399 |     357     441 |   42   42 | 0.1053 0.1053
True      |      564 |     502     621 |   62   57 | 0.1099 0.1011
True      |      399 |     357     441 |   42   42 | 0.1053 0.1053
True      |      399 |     357     441 |   42   42 | 0.1053 0.1053
True      |      564 |     502     621 |   62   57 | 0.1099 0.1011
True      |      399 |     357     441 |   42   42 | 0.1053 0.1053
True      |      399 |     357     441 |   42   42 | 0.1053 0.1053
True      |      564 |     502     621 |   62   57 | 0.1099 0.1011
True      |      531 |     473     585 |   58   54 | 0.1092 0.1017
True      |      531 |     473     585 |   58   54 | 0.1092 0.1017
True      |      696 |     618     765 |   78   69 | 0.1121 0.0991
True      |      531 |     473     585 |   58   54 | 0.1092 0.1017
True      |      531 |     473     585 |   58   54 | 0.1092 0.1017
True      |      696 |     618     765 |   78   69 | 0.1121 0.0991
True      |      531 |     473     585 |   58   54 | 0.1092 0.1017
True      |      531 |     473     585 |   58   54 | 0.1092 0.1017
True      |      696 |     618     765 |   78   69 | 0.1121 0.0991
True      |      531 |     473     585 |   58   54 | 0.1092 0.1017
True      |      531 |     473     585 |   58   54 | 0.1092 0.1017
True      |      696 |     618     765 |   78   69 | 0.1121 0.0991
True      |      531 |     473     585 |   58   54 | 0.1092 0.1017
True      |      531 |     473     585 |   58   54 | 0.1092 0.1017
True      |      696 |     618     765 |   78   69 | 0.1121 0.0991
True      |      531 |     473     585 |   58   54 | 0.1092 0.1017
True      |      531 |     473     585 |   58   54 | 0.1092 0.1017
True      |      696 |     618     765 |   78   69 | 0.1121 0.0991
True      |      531 |     473     585 |   58   54 | 0.1092 0.1017
True      |      531 |     473     585 |   58   54 | 0.1092 0.1017
True      |      696 |     618     765 |   78   69 | 0.1121 0.0991
True      |      531 |     473     585 |   58   54 | 0.1092 0.1017
True      |      531 |     473     585 |   58   54 | 0.1092 0.1017
True      |      696 |     618     765 |   78   69 | 0.1121 0.0991
True      |      531 |     473     585 |   58   54 | 0.1092 0.1017
True      |      531 |     473     585 |   58   54 | 0.1092 0.1017
True      |      696 |     618     765 |   78   69 | 0.1121 0.0991
True      |      531 |     473     585 |   58   54 | 0.1092 0.1017
True      |      531 |     473     585 |   58   54 | 0.1092 0.1017
True      |      696 |     618     765 |   78   69 | 0.1121 0.0991
True      |      663 |     589     729 |   74   66 | 0.1116 0.0995
True      |      663 |     589     729 |   74   66 | 0.1116 0.0995
True      |      828 |     734     909 |   94   81 | 0.1135 0.0978
True      |      663 |     589     729 |   74   66 | 0.1116 0.0995
True      |      663 |     589     729 |   74   66 | 0.1116 0.0995
True      |      828 |     734     909 |   94   81 | 0.1135 0.0978
True      |      663 |     589     729 |   74   66 | 0.1116 0.0995
True      |      663 |     589     729 |   74   66 | 0.1116 0.0995
True      |      828 |     734     909 |   94   81 | 0.1135 0.0978
True      |      663 |     589     729 |   74   66 | 0.1116 0.0995
True      |      663 |     589     729 |   74   66 | 0.1116 0.0995
True      |      828 |     734     909 |   94   81 | 0.1135 0.0978
True      |      663 |     589     729 |   74   66 | 0.1116 0.0995
True      |      663 |     589     729 |   74   66 | 0.1116 0.0995
True      |      828 |     734     909 |   94   81 | 0.1135 0.0978
True      |      663 |     589     729 |   74   66 | 0.1116 0.0995
True      |      663 |     589     729 |   74   66 | 0.1116 0.0995
True      |      828 |     734     909 |   94   81 | 0.1135 0.0978
True      |      663 |     589     729 |   74   66 | 0.1116 0.0995
True      |      663 |     589     729 |   74   66 | 0.1116 0.0995
True      |      828 |     734     909 |   94   81 | 0.1135 0.0978
True      |      663 |     589     729 |   74   66 | 0.1116 0.0995
True      |      663 |     589     729 |   74   66 | 0.1116 0.0995
True      |      828 |     734     909 |   94   81 | 0.1135 0.0978
True      |      663 |     589     729 |   74   66 | 0.1116 0.0995
True      |      663 |     589     729 |   74   66 | 0.1116 0.0995
True      |      828 |     734     909 |   94   81 | 0.1135 0.0978
True      |      663 |     589     729 |   74   66 | 0.1116 0.0995
True      |      663 |     589     729 |   74   66 | 0.1116 0.0995
True      |      828 |     734     909 |   94   81 | 0.1135 0.0978
True      |      795 |     705     873 |   90   78 | 0.1132 0.0981
True      |      795 |     705     873 |   90   78 | 0.1132 0.0981
True      |      960 |     850    1053 |  110   93 | 0.1146 0.0969
True      |      795 |     705     873 |   90   78 | 0.1132 0.0981
True      |      795 |     705     873 |   90   78 | 0.1132 0.0981
True      |      960 |     850    1053 |  110   93 | 0.1146 0.0969
True      |      795 |     705     873 |   90   78 | 0.1132 0.0981
True      |      795 |     705     873 |   90   78 | 0.1132 0.0981
True      |      960 |     850    1053 |  110   93 | 0.1146 0.0969
True      |      795 |     705     873 |   90   78 | 0.1132 0.0981
True      |      795 |     705     873 |   90   78 | 0.1132 0.0981
True      |      960 |     850    1053 |  110   93 | 0.1146 0.0969
True      |      795 |     705     873 |   90   78 | 0.1132 0.0981
True      |      795 |     705     873 |   90   78 | 0.1132 0.0981
True      |      960 |     850    1053 |  110   93 | 0.1146 0.0969
True      |      795 |     705     873 |   90   78 | 0.1132 0.0981
True      |      795 |     705     873 |   90   78 | 0.1132 0.0981
True      |      960 |     850    1053 |  110   93 | 0.1146 0.0969
True      |      795 |     705     873 |   90   78 | 0.1132 0.0981
True      |      795 |     705     873 |   90   78 | 0.1132 0.0981
True      |      960 |     850    1053 |  110   93 | 0.1146 0.0969
True      |      795 |     705     873 |   90   78 | 0.1132 0.0981
True      |      795 |     705     873 |   90   78 | 0.1132 0.0981
True      |      960 |     850    1053 |  110   93 | 0.1146 0.0969
True      |      795 |     705     873 |   90   78 | 0.1132 0.0981
True      |      795 |     705     873 |   90   78 | 0.1132 0.0981
True      |      960 |     850    1053 |  110   93 | 0.1146 0.0969
True      |      795 |     705     873 |   90   78 | 0.1132 0.0981
True      |      795 |     705     873 |   90   78 | 0.1132 0.0981
True      |      960 |     850    1053 |  110   93 | 0.1146 0.0969
True      |      927 |     821    1017 |  106   90 | 0.1143 0.0971
True      |      927 |     821    1017 |  106   90 | 0.1143 0.0971
True      |     1092 |     966    1197 |  126  105 | 0.1154 0.0962
True      |      927 |     821    1017 |  106   90 | 0.1143 0.0971
True      |      927 |     821    1017 |  106   90 | 0.1143 0.0971
True      |     1092 |     966    1197 |  126  105 | 0.1154 0.0962
True      |      927 |     821    1017 |  106   90 | 0.1143 0.0971
True      |      927 |     821    1017 |  106   90 | 0.1143 0.0971
True      |     1092 |     966    1197 |  126  105 | 0.1154 0.0962
True      |      927 |     821    1017 |  106   90 | 0.1143 0.0971
True      |      927 |     821    1017 |  106   90 | 0.1143 0.0971
True      |     1092 |     966    1197 |  126  105 | 0.1154 0.0962
True      |      927 |     821    1017 |  106   90 | 0.1143 0.0971
True      |      927 |     821    1017 |  106   90 | 0.1143 0.0971
True      |     1092 |     966    1197 |  126  105 | 0.1154 0.0962
True      |      927 |     821    1017 |  106   90 | 0.1143 0.0971
True      |      927 |     821    1017 |  106   90 | 0.1143 0.0971
True      |     1092 |     966    1197 |  126  105 | 0.1154 0.0962
True      |      927 |     821    1017 |  106   90 | 0.1143 0.0971
True      |      927 |     821    1017 |  106   90 | 0.1143 0.0971
True      |     1092 |     966    1197 |  126  105 | 0.1154 0.0962
True      |      927 |     821    1017 |  106   90 | 0.1143 0.0971
True      |      927 |     821    1017 |  106   90 | 0.1143 0.0971
True      |     1092 |     966    1197 |  126  105 | 0.1154 0.0962
True      |      927 |     821    1017 |  106   90 | 0.1143 0.0971
True      |      927 |     821    1017 |  106   90 | 0.1143 0.0971
True      |     1092 |     966    1197 |  126  105 | 0.1154 0.0962
True      |      927 |     821    1017 |  106   90 | 0.1143 0.0971
True      |      927 |     821    1017 |  106   90 | 0.1143 0.0971
True      |     1092 |     966    1197 |  126  105 | 0.1154 0.0962
True      |     1059 |     937    1161 |  122  102 | 0.1152 0.0963
True      |     1059 |     937    1161 |  122  102 | 0.1152 0.0963
True      |     1224 |    1082    1341 |  142  117 | 0.116 0.0956
True      |     1059 |     937    1161 |  122  102 | 0.1152 0.0963
True      |     1059 |     937    1161 |  122  102 | 0.1152 0.0963
True      |     1224 |    1082    1341 |  142  117 | 0.116 0.0956
True      |     1059 |     937    1161 |  122  102 | 0.1152 0.0963
True      |     1059 |     937    1161 |  122  102 | 0.1152 0.0963
True      |     1224 |    1082    1341 |  142  117 | 0.116 0.0956
True      |     1059 |     937    1161 |  122  102 | 0.1152 0.0963
True      |     1059 |     937    1161 |  122  102 | 0.1152 0.0963
True      |     1224 |    1082    1341 |  142  117 | 0.116 0.0956
True      |     1059 |     937    1161 |  122  102 | 0.1152 0.0963
True      |     1059 |     937    1161 |  122  102 | 0.1152 0.0963
True      |     1224 |    1082    1341 |  142  117 | 0.116 0.0956
True      |     1059 |     937    1161 |  122  102 | 0.1152 0.0963
True      |     1059 |     937    1161 |  122  102 | 0.1152 0.0963
True      |     1224 |    1082    1341 |  142  117 | 0.116 0.0956
True      |     1059 |     937    1161 |  122  102 | 0.1152 0.0963
True      |     1059 |     937    1161 |  122  102 | 0.1152 0.0963
True      |     1224 |    1082    1341 |  142  117 | 0.116 0.0956
True      |     1059 |     937    1161 |  122  102 | 0.1152 0.0963
True      |     1059 |     937    1161 |  122  102 | 0.1152 0.0963
True      |     1224 |    1082    1341 |  142  117 | 0.116 0.0956
True      |     1059 |     937    1161 |  122  102 | 0.1152 0.0963
True      |     1059 |     937    1161 |  122  102 | 0.1152 0.0963
True      |     1224 |    1082    1341 |  142  117 | 0.116 0.0956
True      |     1059 |     937    1161 |  122  102 | 0.1152 0.0963
True      |     1059 |     937    1161 |  122  102 | 0.1152 0.0963
True      |     1224 |    1082    1341 |  142  117 | 0.116 0.0956
True      |     1191 |    1053    1305 |  138  114 | 0.1159 0.0957
True      |     1191 |    1053    1305 |  138  114 | 0.1159 0.0957
True      |     1356 |    1198    1485 |  158  129 | 0.1165 0.0951
True      |     1191 |    1053    1305 |  138  114 | 0.1159 0.0957
True      |     1191 |    1053    1305 |  138  114 | 0.1159 0.0957
True      |     1356 |    1198    1485 |  158  129 | 0.1165 0.0951
True      |     1191 |    1053    1305 |  138  114 | 0.1159 0.0957
True      |     1191 |    1053    1305 |  138  114 | 0.1159 0.0957
True      |     1356 |    1198    1485 |  158  129 | 0.1165 0.0951
True      |     1191 |    1053    1305 |  138  114 | 0.1159 0.0957
True      |     1191 |    1053    1305 |  138  114 | 0.1159 0.0957
True      |     1356 |    1198    1485 |  158  129 | 0.1165 0.0951
True      |     1191 |    1053    1305 |  138  114 | 0.1159 0.0957
True      |     1191 |    1053    1305 |  138  114 | 0.1159 0.0957
True      |     1356 |    1198    1485 |  158  129 | 0.1165 0.0951
True      |     1191 |    1053    1305 |  138  114 | 0.1159 0.0957
True      |     1191 |    1053    1305 |  138  114 | 0.1159 0.0957
True      |     1356 |    1198    1485 |  158  129 | 0.1165 0.0951
True      |     1191 |    1053    1305 |  138  114 | 0.1159 0.0957
True      |     1191 |    1053    1305 |  138  114 | 0.1159 0.0957
True      |     1356 |    1198    1485 |  158  129 | 0.1165 0.0951
True      |     1191 |    1053    1305 |  138  114 | 0.1159 0.0957
True      |     1191 |    1053    1305 |  138  114 | 0.1159 0.0957
True      |     1356 |    1198    1485 |  158  129 | 0.1165 0.0951
True      |     1191 |    1053    1305 |  138  114 | 0.1159 0.0957
True      |     1191 |    1053    1305 |  138  114 | 0.1159 0.0957
True      |     1356 |    1198    1485 |  158  129 | 0.1165 0.0951
True      |     1191 |    1053    1305 |  138  114 | 0.1159 0.0957
True      |     1191 |    1053    1305 |  138  114 | 0.1159 0.0957
True      |     1356 |    1198    1485 |  158  129 | 0.1165 0.0951
True      |     1323 |    1169    1449 |  154  126 | 0.1164 0.0952
True      |     1323 |    1169    1449 |  154  126 | 0.1164 0.0952
True      |     1488 |    1314    1629 |  174  141 | 0.1169 0.0948
True      |     1323 |    1169    1449 |  154  126 | 0.1164 0.0952
True      |     1323 |    1169    1449 |  154  126 | 0.1164 0.0952
True      |     1488 |    1314    1629 |  174  141 | 0.1169 0.0948
True      |     1323 |    1169    1449 |  154  126 | 0.1164 0.0952
True      |     1323 |    1169    1449 |  154  126 | 0.1164 0.0952
True      |     1488 |    1314    1629 |  174  141 | 0.1169 0.0948
True      |     1323 |    1169    1449 |  154  126 | 0.1164 0.0952
True      |     1323 |    1169    1449 |  154  126 | 0.1164 0.0952
True      |     1488 |    1314    1629 |  174  141 | 0.1169 0.0948
True      |     1323 |    1169    1449 |  154  126 | 0.1164 0.0952
True      |     1323 |    1169    1449 |  154  126 | 0.1164 0.0952
True      |     1488 |    1314    1629 |  174  141 | 0.1169 0.0948
True      |     1323 |    1169    1449 |  154  126 | 0.1164 0.0952
True      |     1323 |    1169    1449 |  154  126 | 0.1164 0.0952
True      |     1488 |    1314    1629 |  174  141 | 0.1169 0.0948
True      |     1323 |    1169    1449 |  154  126 | 0.1164 0.0952
True      |     1323 |    1169    1449 |  154  126 | 0.1164 0.0952
True      |     1488 |    1314    1629 |  174  141 | 0.1169 0.0948
True      |     1323 |    1169    1449 |  154  126 | 0.1164 0.0952
True      |     1323 |    1169    1449 |  154  126 | 0.1164 0.0952
True      |     1488 |    1314    1629 |  174  141 | 0.1169 0.0948
True      |     1323 |    1169    1449 |  154  126 | 0.1164 0.0952
True      |     1323 |    1169    1449 |  154  126 | 0.1164 0.0952
True      |     1488 |    1314    1629 |  174  141 | 0.1169 0.0948
True      |     1323 |    1169    1449 |  154  126 | 0.1164 0.0952
True      |     1323 |    1169    1449 |  154  126 | 0.1164 0.0952
True      |     1488 |    1314    1629 |  174  141 | 0.1169 0.0948
True      |     1455 |    1285    1593 |  170  138 | 0.1168 0.0948
True      |     1455 |    1285    1593 |  170  138 | 0.1168 0.0948
True      |     1620 |    1430    1773 |  190  153 | 0.1173 0.0944
True      |     1455 |    1285    1593 |  170  138 | 0.1168 0.0948
True      |     1455 |    1285    1593 |  170  138 | 0.1168 0.0948
True      |     1620 |    1430    1773 |  190  153 | 0.1173 0.0944
True      |     1455 |    1285    1593 |  170  138 | 0.1168 0.0948
True      |     1455 |    1285    1593 |  170  138 | 0.1168 0.0948
True      |     1620 |    1430    1773 |  190  153 | 0.1173 0.0944
True      |     1455 |    1285    1593 |  170  138 | 0.1168 0.0948
True      |     1455 |    1285    1593 |  170  138 | 0.1168 0.0948
True      |     1620 |    1430    1773 |  190  153 | 0.1173 0.0944
True      |     1455 |    1285    1593 |  170  138 | 0.1168 0.0948
True      |     1455 |    1285    1593 |  170  138 | 0.1168 0.0948
True      |     1620 |    1430    1773 |  190  153 | 0.1173 0.0944
True      |     1455 |    1285    1593 |  170  138 | 0.1168 0.0948
True      |     1455 |    1285    1593 |  170  138 | 0.1168 0.0948
True      |     1620 |    1430    1773 |  190  153 | 0.1173 0.0944
True      |     1455 |    1285    1593 |  170  138 | 0.1168 0.0948
True      |     1455 |    1285    1593 |  170  138 | 0.1168 0.0948
True      |     1620 |    1430    1773 |  190  153 | 0.1173 0.0944
True      |     1455 |    1285    1593 |  170  138 | 0.1168 0.0948
True      |     1455 |    1285    1593 |  170  138 | 0.1168 0.0948
True      |     1620 |    1430    1773 |  190  153 | 0.1173 0.0944
True      |     1455 |    1285    1593 |  170  138 | 0.1168 0.0948
True      |     1455 |    1285    1593 |  170  138 | 0.1168 0.0948
True      |     1620 |    1430    1773 |  190  153 | 0.1173 0.0944
True      |     1455 |    1285    1593 |  170  138 | 0.1168 0.0948
True      |     1455 |    1285    1593 |  170  138 | 0.1168 0.0948
True      |     1620 |    1430    1773 |  190  153 | 0.1173 0.0944
True      |     1587 |    1401    1737 |  186  150 | 0.1172 0.0945
True      |     1587 |    1401    1737 |  186  150 | 0.1172 0.0945
True      |     1752 |    1546    1917 |  206  165 | 0.1176 0.0942
True      |     1587 |    1401    1737 |  186  150 | 0.1172 0.0945
True      |     1587 |    1401    1737 |  186  150 | 0.1172 0.0945
True      |     1752 |    1546    1917 |  206  165 | 0.1176 0.0942
True      |     1587 |    1401    1737 |  186  150 | 0.1172 0.0945
True      |     1587 |    1401    1737 |  186  150 | 0.1172 0.0945
True      |     1752 |    1546    1917 |  206  165 | 0.1176 0.0942
True      |     1587 |    1401    1737 |  186  150 | 0.1172 0.0945
True      |     1587 |    1401    1737 |  186  150 | 0.1172 0.0945
True      |     1752 |    1546    1917 |  206  165 | 0.1176 0.0942
True      |     1587 |    1401    1737 |  186  150 | 0.1172 0.0945
True      |     1587 |    1401    1737 |  186  150 | 0.1172 0.0945
True      |     1752 |    1546    1917 |  206  165 | 0.1176 0.0942
True      |     1587 |    1401    1737 |  186  150 | 0.1172 0.0945
True      |     1587 |    1401    1737 |  186  150 | 0.1172 0.0945
True      |     1752 |    1546    1917 |  206  165 | 0.1176 0.0942
True      |     1587 |    1401    1737 |  186  150 | 0.1172 0.0945
True      |     1587 |    1401    1737 |  186  150 | 0.1172 0.0945
True      |     1752 |    1546    1917 |  206  165 | 0.1176 0.0942
True      |     1587 |    1401    1737 |  186  150 | 0.1172 0.0945
True      |     1587 |    1401    1737 |  186  150 | 0.1172 0.0945
True      |     1752 |    1546    1917 |  206  165 | 0.1176 0.0942
True      |     1587 |    1401    1737 |  186  150 | 0.1172 0.0945
True      |     1587 |    1401    1737 |  186  150 | 0.1172 0.0945
True      |     1752 |    1546    1917 |  206  165 | 0.1176 0.0942
True      |     1587 |    1401    1737 |  186  150 | 0.1172 0.0945
True      |     1587 |    1401    1737 |  186  150 | 0.1172 0.0945
True      |     1752 |    1546    1917 |  206  165 | 0.1176 0.0942
True      |     1719 |    1517    1881 |  202  162 | 0.1175 0.0942
True      |     1719 |    1517    1881 |  202  162 | 0.1175 0.0942
True      |     1884 |    1662    2061 |  222  177 | 0.1178 0.0939
True      |     1719 |    1517    1881 |  202  162 | 0.1175 0.0942
True      |     1719 |    1517    1881 |  202  162 | 0.1175 0.0942
True      |     1884 |    1662    2061 |  222  177 | 0.1178 0.0939
True      |     1719 |    1517    1881 |  202  162 | 0.1175 0.0942
True      |     1719 |    1517    1881 |  202  162 | 0.1175 0.0942
True      |     1884 |    1662    2061 |  222  177 | 0.1178 0.0939
True      |     1719 |    1517    1881 |  202  162 | 0.1175 0.0942
True      |     1719 |    1517    1881 |  202  162 | 0.1175 0.0942
True      |     1884 |    1662    2061 |  222  177 | 0.1178 0.0939
True      |     1719 |    1517    1881 |  202  162 | 0.1175 0.0942
True      |     1719 |    1517    1881 |  202  162 | 0.1175 0.0942
True      |     1884 |    1662    2061 |  222  177 | 0.1178 0.0939
True      |     1719 |    1517    1881 |  202  162 | 0.1175 0.0942
True      |     1719 |    1517    1881 |  202  162 | 0.1175 0.0942
True      |     1884 |    1662    2061 |  222  177 | 0.1178 0.0939
True      |     1719 |    1517    1881 |  202  162 | 0.1175 0.0942
True      |     1719 |    1517    1881 |  202  162 | 0.1175 0.0942
True      |     1884 |    1662    2061 |  222  177 | 0.1178 0.0939
True      |     1719 |    1517    1881 |  202  162 | 0.1175 0.0942
True      |     1719 |    1517    1881 |  202  162 | 0.1175 0.0942
True      |     1884 |    1662    2061 |  222  177 | 0.1178 0.0939
True      |     1719 |    1517    1881 |  202  162 | 0.1175 0.0942
True      |     1719 |    1517    1881 |  202  162 | 0.1175 0.0942
True      |     1884 |    1662    2061 |  222  177 | 0.1178 0.0939
True      |     1719 |    1517    1881 |  202  162 | 0.1175 0.0942
True      |     1719 |    1517    1881 |  202  162 | 0.1175 0.0942
True      |     1884 |    1662    2061 |  222  177 | 0.1178 0.0939
True      |     1851 |    1633    2025 |  218  174 | 0.1178 0.094
True      |     1851 |    1633    2025 |  218  174 | 0.1178 0.094
True      |     2016 |    1778    2205 |  238  189 | 0.1181 0.0938
True      |     1851 |    1633    2025 |  218  174 | 0.1178 0.094
True      |     1851 |    1633    2025 |  218  174 | 0.1178 0.094
True      |     2016 |    1778    2205 |  238  189 | 0.1181 0.0938
True      |     1851 |    1633    2025 |  218  174 | 0.1178 0.094
True      |     1851 |    1633    2025 |  218  174 | 0.1178 0.094
True      |     2016 |    1778    2205 |  238  189 | 0.1181 0.0938
True      |     1851 |    1633    2025 |  218  174 | 0.1178 0.094
True      |     1851 |    1633    2025 |  218  174 | 0.1178 0.094
True      |     2016 |    1778    2205 |  238  189 | 0.1181 0.0938
True      |     1851 |    1633    2025 |  218  174 | 0.1178 0.094
True      |     1851 |    1633    2025 |  218  174 | 0.1178 0.094
True      |     2016 |    1778    2205 |  238  189 | 0.1181 0.0938
True      |     1851 |    1633    2025 |  218  174 | 0.1178 0.094
True      |     1851 |    1633    2025 |  218  174 | 0.1178 0.094
True      |     2016 |    1778    2205 |  238  189 | 0.1181 0.0938
True      |     1851 |    1633    2025 |  218  174 | 0.1178 0.094
True      |     1851 |    1633    2025 |  218  174 | 0.1178 0.094
True      |     2016 |    1778    2205 |  238  189 | 0.1181 0.0938
True      |     1851 |    1633    2025 |  218  174 | 0.1178 0.094
True      |     1851 |    1633    2025 |  218  174 | 0.1178 0.094
True      |     2016 |    1778    2205 |  238  189 | 0.1181 0.0938
True      |     1851 |    1633    2025 |  218  174 | 0.1178 0.094
True      |     1851 |    1633    2025 |  218  174 | 0.1178 0.094
True      |     2016 |    1778    2205 |  238  189 | 0.1181 0.0938
True      |     1851 |    1633    2025 |  218  174 | 0.1178 0.094
True      |     1851 |    1633    2025 |  218  174 | 0.1178 0.094
True      |     2016 |    1778    2205 |  238  189 | 0.1181 0.0938
True      |     1983 |    1749    2169 |  234  186 | 0.118 0.0938
True      |     1983 |    1749    2169 |  234  186 | 0.118 0.0938
True      |     2148 |    1894    2349 |  254  201 | 0.1182 0.0936
True      |     1983 |    1749    2169 |  234  186 | 0.118 0.0938
True      |     1983 |    1749    2169 |  234  186 | 0.118 0.0938
True      |     2148 |    1894    2349 |  254  201 | 0.1182 0.0936
True      |     1983 |    1749    2169 |  234  186 | 0.118 0.0938
True      |     1983 |    1749    2169 |  234  186 | 0.118 0.0938
True      |     2148 |    1894    2349 |  254  201 | 0.1182 0.0936
True      |     1983 |    1749    2169 |  234  186 | 0.118 0.0938
True      |     1983 |    1749    2169 |  234  186 | 0.118 0.0938
True      |     2148 |    1894    2349 |  254  201 | 0.1182 0.0936
True      |     1983 |    1749    2169 |  234  186 | 0.118 0.0938
True      |     1983 |    1749    2169 |  234  186 | 0.118 0.0938
True      |     2148 |    1894    2349 |  254  201 | 0.1182 0.0936
True      |     1983 |    1749    2169 |  234  186 | 0.118 0.0938
True      |     1983 |    1749    2169 |  234  186 | 0.118 0.0938
True      |     2148 |    1894    2349 |  254  201 | 0.1182 0.0936
True      |     1983 |    1749    2169 |  234  186 | 0.118 0.0938
True      |     1983 |    1749    2169 |  234  186 | 0.118 0.0938
True      |     2148 |    1894    2349 |  254  201 | 0.1182 0.0936
True      |     1983 |    1749    2169 |  234  186 | 0.118 0.0938
True      |     1983 |    1749    2169 |  234  186 | 0.118 0.0938
True      |     2148 |    1894    2349 |  254  201 | 0.1182 0.0936
True      |     1983 |    1749    2169 |  234  186 | 0.118 0.0938
True      |     1983 |    1749    2169 |  234  186 | 0.118 0.0938
True      |     2148 |    1894    2349 |  254  201 | 0.1182 0.0936
True      |     1983 |    1749    2169 |  234  186 | 0.118 0.0938
True      |     1983 |    1749    2169 |  234  186 | 0.118 0.0938
True      |     2148 |    1894    2349 |  254  201 | 0.1182 0.0936
True      |     2115 |    1865    2313 |  250  198 | 0.1182 0.0936
True      |     2115 |    1865    2313 |  250  198 | 0.1182 0.0936
True      |     2280 |    2010    2493 |  270  213 | 0.1184 0.0934
True      |     2115 |    1865    2313 |  250  198 | 0.1182 0.0936
True      |     2115 |    1865    2313 |  250  198 | 0.1182 0.0936
True      |     2280 |    2010    2493 |  270  213 | 0.1184 0.0934
True      |     2115 |    1865    2313 |  250  198 | 0.1182 0.0936
True      |     2115 |    1865    2313 |  250  198 | 0.1182 0.0936
True      |     2280 |    2010    2493 |  270  213 | 0.1184 0.0934
True      |     2115 |    1865    2313 |  250  198 | 0.1182 0.0936
True      |     2115 |    1865    2313 |  250  198 | 0.1182 0.0936
True      |     2280 |    2010    2493 |  270  213 | 0.1184 0.0934
True      |     2115 |    1865    2313 |  250  198 | 0.1182 0.0936
True      |     2115 |    1865    2313 |  250  198 | 0.1182 0.0936
True      |     2280 |    2010    2493 |  270  213 | 0.1184 0.0934
True      |     2115 |    1865    2313 |  250  198 | 0.1182 0.0936
True      |     2115 |    1865    2313 |  250  198 | 0.1182 0.0936
True      |     2280 |    2010    2493 |  270  213 | 0.1184 0.0934
True      |     2115 |    1865    2313 |  250  198 | 0.1182 0.0936
True      |     2115 |    1865    2313 |  250  198 | 0.1182 0.0936
True      |     2280 |    2010    2493 |  270  213 | 0.1184 0.0934
True      |     2115 |    1865    2313 |  250  198 | 0.1182 0.0936
True      |     2115 |    1865    2313 |  250  198 | 0.1182 0.0936
True      |     2280 |    2010    2493 |  270  213 | 0.1184 0.0934
True      |     2115 |    1865    2313 |  250  198 | 0.1182 0.0936
True      |     2115 |    1865    2313 |  250  198 | 0.1182 0.0936
True      |     2280 |    2010    2493 |  270  213 | 0.1184 0.0934
True      |     2115 |    1865    2313 |  250  198 | 0.1182 0.0936
True      |     2115 |    1865    2313 |  250  198 | 0.1182 0.0936
True      |     2280 |    2010    2493 |  270  213 | 0.1184 0.0934
True      |     2247 |    1981    2457 |  266  210 | 0.1184 0.0935
True      |     2247 |    1981    2457 |  266  210 | 0.1184 0.0935
True      |     2412 |    2126    2637 |  286  225 | 0.1186 0.0933
True      |     2247 |    1981    2457 |  266  210 | 0.1184 0.0935
True      |     2247 |    1981    2457 |  266  210 | 0.1184 0.0935
True      |     2412 |    2126    2637 |  286  225 | 0.1186 0.0933
True      |     2247 |    1981    2457 |  266  210 | 0.1184 0.0935
True      |     2247 |    1981    2457 |  266  210 | 0.1184 0.0935
True      |     2412 |    2126    2637 |  286  225 | 0.1186 0.0933
True      |     2247 |    1981    2457 |  266  210 | 0.1184 0.0935
True      |     2247 |    1981    2457 |  266  210 | 0.1184 0.0935
True      |     2412 |    2126    2637 |  286  225 | 0.1186 0.0933
True      |     2247 |    1981    2457 |  266  210 | 0.1184 0.0935
True      |     2247 |    1981    2457 |  266  210 | 0.1184 0.0935
True      |     2412 |    2126    2637 |  286  225 | 0.1186 0.0933
True      |     2247 |    1981    2457 |  266  210 | 0.1184 0.0935
True      |     2247 |    1981    2457 |  266  210 | 0.1184 0.0935
True      |     2412 |    2126    2637 |  286  225 | 0.1186 0.0933
True      |     2247 |    1981    2457 |  266  210 | 0.1184 0.0935
True      |     2247 |    1981    2457 |  266  210 | 0.1184 0.0935
True      |     2412 |    2126    2637 |  286  225 | 0.1186 0.0933
True      |     2247 |    1981    2457 |  266  210 | 0.1184 0.0935
True      |     2247 |    1981    2457 |  266  210 | 0.1184 0.0935
True      |     2412 |    2126    2637 |  286  225 | 0.1186 0.0933
True      |     2247 |    1981    2457 |  266  210 | 0.1184 0.0935
True      |     2247 |    1981    2457 |  266  210 | 0.1184 0.0935
True      |     2412 |    2126    2637 |  286  225 | 0.1186 0.0933
True      |     2247 |    1981    2457 |  266  210 | 0.1184 0.0935
True      |     2247 |    1981    2457 |  266  210 | 0.1184 0.0935
True      |     2412 |    2126    2637 |  286  225 | 0.1186 0.0933
True      |     2379 |    2097    2601 |  282  222 | 0.1185 0.0933
True      |     2379 |    2097    2601 |  282  222 | 0.1185 0.0933
True      |     2544 |    2242    2781 |  302  237 | 0.1187 0.0932
True      |     2379 |    2097    2601 |  282  222 | 0.1185 0.0933
True      |     2379 |    2097    2601 |  282  222 | 0.1185 0.0933
True      |     2544 |    2242    2781 |  302  237 | 0.1187 0.0932
True      |     2379 |    2097    2601 |  282  222 | 0.1185 0.0933
True      |     2379 |    2097    2601 |  282  222 | 0.1185 0.0933
True      |     2544 |    2242    2781 |  302  237 | 0.1187 0.0932
True      |     2379 |    2097    2601 |  282  222 | 0.1185 0.0933
True      |     2379 |    2097    2601 |  282  222 | 0.1185 0.0933
True      |     2544 |    2242    2781 |  302  237 | 0.1187 0.0932
True      |     2379 |    2097    2601 |  282  222 | 0.1185 0.0933
True      |     2379 |    2097    2601 |  282  222 | 0.1185 0.0933
True      |     2544 |    2242    2781 |  302  237 | 0.1187 0.0932
True      |     2379 |    2097    2601 |  282  222 | 0.1185 0.0933
True      |     2379 |    2097    2601 |  282  222 | 0.1185 0.0933
True      |     2544 |    2242    2781 |  302  237 | 0.1187 0.0932
True      |     2379 |    2097    2601 |  282  222 | 0.1185 0.0933
True      |     2379 |    2097    2601 |  282  222 | 0.1185 0.0933
True      |     2544 |    2242    2781 |  302  237 | 0.1187 0.0932
True      |     2379 |    2097    2601 |  282  222 | 0.1185 0.0933
True      |     2379 |    2097    2601 |  282  222 | 0.1185 0.0933
True      |     2544 |    2242    2781 |  302  237 | 0.1187 0.0932
True      |     2379 |    2097    2601 |  282  222 | 0.1185 0.0933
True      |     2379 |    2097    2601 |  282  222 | 0.1185 0.0933
True      |     2544 |    2242    2781 |  302  237 | 0.1187 0.0932
True      |     2379 |    2097    2601 |  282  222 | 0.1185 0.0933
True      |     2379 |    2097    2601 |  282  222 | 0.1185 0.0933
True      |     2544 |    2242    2781 |  302  237 | 0.1187 0.0932
True      |     2511 |    2213    2745 |  298  234 | 0.1187 0.0932
True      |     2511 |    2213    2745 |  298  234 | 0.1187 0.0932
True      |     2676 |    2358    2925 |  318  249 | 0.1188 0.093
True      |     2511 |    2213    2745 |  298  234 | 0.1187 0.0932
True      |     2511 |    2213    2745 |  298  234 | 0.1187 0.0932
True      |     2676 |    2358    2925 |  318  249 | 0.1188 0.093
True      |     2511 |    2213    2745 |  298  234 | 0.1187 0.0932
True      |     2511 |    2213    2745 |  298  234 | 0.1187 0.0932
True      |     2676 |    2358    2925 |  318  249 | 0.1188 0.093
True      |     2511 |    2213    2745 |  298  234 | 0.1187 0.0932
True      |     2511 |    2213    2745 |  298  234 | 0.1187 0.0932
True      |     2676 |    2358    2925 |  318  249 | 0.1188 0.093
True      |     2511 |    2213    2745 |  298  234 | 0.1187 0.0932
True      |     2511 |    2213    2745 |  298  234 | 0.1187 0.0932
True      |     2676 |    2358    2925 |  318  249 | 0.1188 0.093
True      |     2511 |    2213    2745 |  298  234 | 0.1187 0.0932
True      |     2511 |    2213    2745 |  298  234 | 0.1187 0.0932
True      |     2676 |    2358    2925 |  318  249 | 0.1188 0.093
True      |     2511 |    2213    2745 |  298  234 | 0.1187 0.0932
True      |     2511 |    2213    2745 |  298  234 | 0.1187 0.0932
True      |     2676 |    2358    2925 |  318  249 | 0.1188 0.093
True      |     2511 |    2213    2745 |  298  234 | 0.1187 0.0932
True      |     2511 |    2213    2745 |  298  234 | 0.1187 0.0932
True      |     2676 |    2358    2925 |  318  249 | 0.1188 0.093
True      |     2511 |    2213    2745 |  298  234 | 0.1187 0.0932
True      |     2511 |    2213    2745 |  298  234 | 0.1187 0.0932
True      |     2676 |    2358    2925 |  318  249 | 0.1188 0.093
True      |     2511 |    2213    2745 |  298  234 | 0.1187 0.0932
True      |     2511 |    2213    2745 |  298  234 | 0.1187 0.0932
True      |     2676 |    2358    2925 |  318  249 | 0.1188 0.093
True      |     2643 |    2329    2889 |  314  246 | 0.1188 0.0931
True      |     2643 |    2329    2889 |  314  246 | 0.1188 0.0931
True      |     2808 |    2474    3069 |  334  261 | 0.1189 0.0929
True      |     2643 |    2329    2889 |  314  246 | 0.1188 0.0931
True      |     2643 |    2329    2889 |  314  246 | 0.1188 0.0931
True      |     2808 |    2474    3069 |  334  261 | 0.1189 0.0929
True      |     2643 |    2329    2889 |  314  246 | 0.1188 0.0931
True      |     2643 |    2329    2889 |  314  246 | 0.1188 0.0931
True      |     2808 |    2474    3069 |  334  261 | 0.1189 0.0929
True      |     2643 |    2329    2889 |  314  246 | 0.1188 0.0931
True      |     2643 |    2329    2889 |  314  246 | 0.1188 0.0931
True      |     2808 |    2474    3069 |  334  261 | 0.1189 0.0929
True      |     2643 |    2329    2889 |  314  246 | 0.1188 0.0931
True      |     2643 |    2329    2889 |  314  246 | 0.1188 0.0931
True      |     2808 |    2474    3069 |  334  261 | 0.1189 0.0929
True      |     2643 |    2329    2889 |  314  246 | 0.1188 0.0931
True      |     2643 |    2329    2889 |  314  246 | 0.1188 0.0931
True      |     2808 |    2474    3069 |  334  261 | 0.1189 0.0929
True      |     2643 |    2329    2889 |  314  246 | 0.1188 0.0931
True      |     2643 |    2329    2889 |  314  246 | 0.1188 0.0931
True      |     2808 |    2474    3069 |  334  261 | 0.1189 0.0929
True      |     2643 |    2329    2889 |  314  246 | 0.1188 0.0931
True      |     2643 |    2329    2889 |  314  246 | 0.1188 0.0931
True      |     2808 |    2474    3069 |  334  261 | 0.1189 0.0929
True      |     2643 |    2329    2889 |  314  246 | 0.1188 0.0931
True      |     2643 |    2329    2889 |  314  246 | 0.1188 0.0931
True      |     2808 |    2474    3069 |  334  261 | 0.1189 0.0929
True      |     2643 |    2329    2889 |  314  246 | 0.1188 0.0931
True      |     2643 |    2329    2889 |  314  246 | 0.1188 0.0931
True      |     2808 |    2474    3069 |  334  261 | 0.1189 0.0929
True      |     2775 |    2445    3033 |  330  258 | 0.1189 0.093
True      |     2775 |    2445    3033 |  330  258 | 0.1189 0.093
True      |     2940 |    2590    3213 |  350  273 | 0.119 0.0929
True      |     2775 |    2445    3033 |  330  258 | 0.1189 0.093
True      |     2775 |    2445    3033 |  330  258 | 0.1189 0.093
True      |     2940 |    2590    3213 |  350  273 | 0.119 0.0929
True      |     2775 |    2445    3033 |  330  258 | 0.1189 0.093
True      |     2775 |    2445    3033 |  330  258 | 0.1189 0.093
True      |     2940 |    2590    3213 |  350  273 | 0.119 0.0929
True      |     2775 |    2445    3033 |  330  258 | 0.1189 0.093
True      |     2775 |    2445    3033 |  330  258 | 0.1189 0.093
True      |     2940 |    2590    3213 |  350  273 | 0.119 0.0929
True      |     2775 |    2445    3033 |  330  258 | 0.1189 0.093
True      |     2775 |    2445    3033 |  330  258 | 0.1189 0.093
True      |     2940 |    2590    3213 |  350  273 | 0.119 0.0929
True      |     2775 |    2445    3033 |  330  258 | 0.1189 0.093
True      |     2775 |    2445    3033 |  330  258 | 0.1189 0.093
True      |     2940 |    2590    3213 |  350  273 | 0.119 0.0929
True      |     2775 |    2445    3033 |  330  258 | 0.1189 0.093
True      |     2775 |    2445    3033 |  330  258 | 0.1189 0.093
True      |     2940 |    2590    3213 |  350  273 | 0.119 0.0929
True      |     2775 |    2445    3033 |  330  258 | 0.1189 0.093
True      |     2775 |    2445    3033 |  330  258 | 0.1189 0.093
True      |     2940 |    2590    3213 |  350  273 | 0.119 0.0929
True      |     2775 |    2445    3033 |  330  258 | 0.1189 0.093
True      |     2775 |    2445    3033 |  330  258 | 0.1189 0.093
True      |     2940 |    2590    3213 |  350  273 | 0.119 0.0929
True      |     2775 |    2445    3033 |  330  258 | 0.1189 0.093
True      |     2775 |    2445    3033 |  330  258 | 0.1189 0.093
True      |     2940 |    2590    3213 |  350  273 | 0.119 0.0929
True      |     2907 |    2561    3177 |  346  270 | 0.119 0.0929
True      |     2907 |    2561    3177 |  346  270 | 0.119 0.0929
True      |     3072 |    2706    3357 |  366  285 | 0.1191 0.0928
True      |     2907 |    2561    3177 |  346  270 | 0.119 0.0929
True      |     2907 |    2561    3177 |  346  270 | 0.119 0.0929
True      |     3072 |    2706    3357 |  366  285 | 0.1191 0.0928
True      |     2907 |    2561    3177 |  346  270 | 0.119 0.0929
True      |     2907 |    2561    3177 |  346  270 | 0.119 0.0929
True      |     3072 |    2706    3357 |  366  285 | 0.1191 0.0928
True      |     2907 |    2561    3177 |  346  270 | 0.119 0.0929
True      |     2907 |    2561    3177 |  346  270 | 0.119 0.0929
True      |     3072 |    2706    3357 |  366  285 | 0.1191 0.0928
True      |     2907 |    2561    3177 |  346  270 | 0.119 0.0929
True      |     2907 |    2561    3177 |  346  270 | 0.119 0.0929
True      |     3072 |    2706    3357 |  366  285 | 0.1191 0.0928
True      |     2907 |    2561    3177 |  346  270 | 0.119 0.0929
True      |     2907 |    2561    3177 |  346  270 | 0.119 0.0929
True      |     3072 |    2706    3357 |  366  285 | 0.1191 0.0928
True      |     2907 |    2561    3177 |  346  270 | 0.119 0.0929
True      |     2907 |    2561    3177 |  346  270 | 0.119 0.0929
True      |     3072 |    2706    3357 |  366  285 | 0.1191 0.0928
True      |     2907 |    2561    3177 |  346  270 | 0.119 0.0929
True      |     2907 |    2561    3177 |  346  270 | 0.119 0.0929
True      |     3072 |    2706    3357 |  366  285 | 0.1191 0.0928
True      |     2907 |    2561    3177 |  346  270 | 0.119 0.0929
True      |     2907 |    2561    3177 |  346  270 | 0.119 0.0929
True      |     3072 |    2706    3357 |  366  285 | 0.1191 0.0928
True      |     2907 |    2561    3177 |  346  270 | 0.119 0.0929
True      |     2907 |    2561    3177 |  346  270 | 0.119 0.0929
True      |     3072 |    2706    3357 |  366  285 | 0.1191 0.0928
True      |     3039 |    2677    3321 |  362  282 | 0.1191 0.0928
True      |     3039 |    2677    3321 |  362  282 | 0.1191 0.0928
True      |     3204 |    2822    3501 |  382  297 | 0.1192 0.0927
True      |     3039 |    2677    3321 |  362  282 | 0.1191 0.0928
True      |     3039 |    2677    3321 |  362  282 | 0.1191 0.0928
True      |     3204 |    2822    3501 |  382  297 | 0.1192 0.0927
True      |     3039 |    2677    3321 |  362  282 | 0.1191 0.0928
True      |     3039 |    2677    3321 |  362  282 | 0.1191 0.0928
True      |     3204 |    2822    3501 |  382  297 | 0.1192 0.0927
True      |     3039 |    2677    3321 |  362  282 | 0.1191 0.0928
True      |     3039 |    2677    3321 |  362  282 | 0.1191 0.0928
True      |     3204 |    2822    3501 |  382  297 | 0.1192 0.0927
True      |     3039 |    2677    3321 |  362  282 | 0.1191 0.0928
True      |     3039 |    2677    3321 |  362  282 | 0.1191 0.0928
True      |     3204 |    2822    3501 |  382  297 | 0.1192 0.0927
True      |     3039 |    2677    3321 |  362  282 | 0.1191 0.0928
True      |     3039 |    2677    3321 |  362  282 | 0.1191 0.0928
True      |     3204 |    2822    3501 |  382  297 | 0.1192 0.0927
True      |     3039 |    2677    3321 |  362  282 | 0.1191 0.0928
True      |     3039 |    2677    3321 |  362  282 | 0.1191 0.0928
True      |     3204 |    2822    3501 |  382  297 | 0.1192 0.0927
True      |     3039 |    2677    3321 |  362  282 | 0.1191 0.0928
True      |     3039 |    2677    3321 |  362  282 | 0.1191 0.0928
True      |     3204 |    2822    3501 |  382  297 | 0.1192 0.0927
True      |     3039 |    2677    3321 |  362  282 | 0.1191 0.0928
True      |     3039 |    2677    3321 |  362  282 | 0.1191 0.0928
True      |     3204 |    2822    3501 |  382  297 | 0.1192 0.0927
True      |     3039 |    2677    3321 |  362  282 | 0.1191 0.0928
True      |     3039 |    2677    3321 |  362  282 | 0.1191 0.0928
True      |     3204 |    2822    3501 |  382  297 | 0.1192 0.0927
True      |     3171 |    2793    3465 |  378  294 | 0.1192 0.0927
True      |     3171 |    2793    3465 |  378  294 | 0.1192 0.0927
True      |     3336 |    2938    3645 |  398  309 | 0.1193 0.0926
True      |     3171 |    2793    3465 |  378  294 | 0.1192 0.0927
True      |     3171 |    2793    3465 |  378  294 | 0.1192 0.0927
True      |     3336 |    2938    3645 |  398  309 | 0.1193 0.0926
True      |     3171 |    2793    3465 |  378  294 | 0.1192 0.0927
True      |     3171 |    2793    3465 |  378  294 | 0.1192 0.0927
True      |     3336 |    2938    3645 |  398  309 | 0.1193 0.0926
True      |     3171 |    2793    3465 |  378  294 | 0.1192 0.0927
True      |     3171 |    2793    3465 |  378  294 | 0.1192 0.0927
True      |     3336 |    2938    3645 |  398  309 | 0.1193 0.0926
True      |     3171 |    2793    3465 |  378  294 | 0.1192 0.0927
True      |     3171 |    2793    3465 |  378  294 | 0.1192 0.0927
True      |     3336 |    2938    3645 |  398  309 | 0.1193 0.0926
True      |     3171 |    2793    3465 |  378  294 | 0.1192 0.0927
True      |     3171 |    2793    3465 |  378  294 | 0.1192 0.0927
True      |     3336 |    2938    3645 |  398  309 | 0.1193 0.0926
True      |     3171 |    2793    3465 |  378  294 | 0.1192 0.0927
True      |     3171 |    2793    3465 |  378  294 | 0.1192 0.0927
True      |     3336 |    2938    3645 |  398  309 | 0.1193 0.0926
True      |     3171 |    2793    3465 |  378  294 | 0.1192 0.0927
True      |     3171 |    2793    3465 |  378  294 | 0.1192 0.0927
True      |     3336 |    2938    3645 |  398  309 | 0.1193 0.0926
True      |     3171 |    2793    3465 |  378  294 | 0.1192 0.0927
True      |     3171 |    2793    3465 |  378  294 | 0.1192 0.0927
True      |     3336 |    2938    3645 |  398  309 | 0.1193 0.0926
True      |     3171 |    2793    3465 |  378  294 | 0.1192 0.0927
True      |     3171 |    2793    3465 |  378  294 | 0.1192 0.0927
True      |     3336 |    2938    3645 |  398  309 | 0.1193 0.0926
True      |     3303 |    2909    3609 |  394  306 | 0.1193 0.0926
True      |     3303 |    2909    3609 |  394  306 | 0.1193 0.0926
True      |     3468 |    3054    3789 |  414  321 | 0.1194 0.0926
True      |     3303 |    2909    3609 |  394  306 | 0.1193 0.0926
True      |     3303 |    2909    3609 |  394  306 | 0.1193 0.0926
True      |     3468 |    3054    3789 |  414  321 | 0.1194 0.0926
True      |     3303 |    2909    3609 |  394  306 | 0.1193 0.0926
True      |     3303 |    2909    3609 |  394  306 | 0.1193 0.0926
True      |     3468 |    3054    3789 |  414  321 | 0.1194 0.0926
True      |     3303 |    2909    3609 |  394  306 | 0.1193 0.0926
True      |     3303 |    2909    3609 |  394  306 | 0.1193 0.0926
True      |     3468 |    3054    3789 |  414  321 | 0.1194 0.0926
True      |     3303 |    2909    3609 |  394  306 | 0.1193 0.0926
True      |     3303 |    2909    3609 |  394  306 | 0.1193 0.0926
True      |     3468 |    3054    3789 |  414  321 | 0.1194 0.0926
True      |     3303 |    2909    3609 |  394  306 | 0.1193 0.0926
True      |     3303 |    2909    3609 |  394  306 | 0.1193 0.0926
True      |     3468 |    3054    3789 |  414  321 | 0.1194 0.0926
True      |     3303 |    2909    3609 |  394  306 | 0.1193 0.0926
True      |     3303 |    2909    3609 |  394  306 | 0.1193 0.0926
True      |     3468 |    3054    3789 |  414  321 | 0.1194 0.0926
True      |     3303 |    2909    3609 |  394  306 | 0.1193 0.0926
True      |     3303 |    2909    3609 |  394  306 | 0.1193 0.0926
True      |     3468 |    3054    3789 |  414  321 | 0.1194 0.0926
True      |     3303 |    2909    3609 |  394  306 | 0.1193 0.0926
True      |     3303 |    2909    3609 |  394  306 | 0.1193 0.0926
True      |     3468 |    3054    3789 |  414  321 | 0.1194 0.0926
True      |     3303 |    2909    3609 |  394  306 | 0.1193 0.0926
True      |     3303 |    2909    3609 |  394  306 | 0.1193 0.0926
True      |     3468 |    3054    3789 |  414  321 | 0.1194 0.0926
True      |     3435 |    3025    3753 |  410  318 | 0.1194 0.0926
True      |     3435 |    3025    3753 |  410  318 | 0.1194 0.0926
True      |     3600 |    3170    3933 |  430  333 | 0.1194 0.0925
True      |     3435 |    3025    3753 |  410  318 | 0.1194 0.0926
True      |     3435 |    3025    3753 |  410  318 | 0.1194 0.0926
True      |     3600 |    3170    3933 |  430  333 | 0.1194 0.0925
True      |     3435 |    3025    3753 |  410  318 | 0.1194 0.0926
True      |     3435 |    3025    3753 |  410  318 | 0.1194 0.0926
True      |     3600 |    3170    3933 |  430  333 | 0.1194 0.0925
True      |     3435 |    3025    3753 |  410  318 | 0.1194 0.0926
True      |     3435 |    3025    3753 |  410  318 | 0.1194 0.0926
True      |     3600 |    3170    3933 |  430  333 | 0.1194 0.0925
True      |     3435 |    3025    3753 |  410  318 | 0.1194 0.0926
True      |     3435 |    3025    3753 |  410  318 | 0.1194 0.0926
True      |     3600 |    3170    3933 |  430  333 | 0.1194 0.0925
True      |     3435 |    3025    3753 |  410  318 | 0.1194 0.0926
True      |     3435 |    3025    3753 |  410  318 | 0.1194 0.0926
True      |     3600 |    3170    3933 |  430  333 | 0.1194 0.0925
True      |     3435 |    3025    3753 |  410  318 | 0.1194 0.0926
True      |     3435 |    3025    3753 |  410  318 | 0.1194 0.0926
True      |     3600 |    3170    3933 |  430  333 | 0.1194 0.0925
True      |     3435 |    3025    3753 |  410  318 | 0.1194 0.0926
True      |     3435 |    3025    3753 |  410  318 | 0.1194 0.0926
True      |     3600 |    3170    3933 |  430  333 | 0.1194 0.0925
True      |     3435 |    3025    3753 |  410  318 | 0.1194 0.0926
True      |     3435 |    3025    3753 |  410  318 | 0.1194 0.0926
True      |     3600 |    3170    3933 |  430  333 | 0.1194 0.0925
True      |     3435 |    3025    3753 |  410  318 | 0.1194 0.0926
True      |     3435 |    3025    3753 |  410  318 | 0.1194 0.0926
True      |     3600 |    3170    3933 |  430  333 | 0.1194 0.0925
True      |     3567 |    3141    3897 |  426  330 | 0.1194 0.0925
True      |     3567 |    3141    3897 |  426  330 | 0.1194 0.0925
True      |     3732 |    3286    4077 |  446  345 | 0.1195 0.0924
True      |     3567 |    3141    3897 |  426  330 | 0.1194 0.0925
True      |     3567 |    3141    3897 |  426  330 | 0.1194 0.0925
True      |     3732 |    3286    4077 |  446  345 | 0.1195 0.0924
True      |     3567 |    3141    3897 |  426  330 | 0.1194 0.0925
True      |     3567 |    3141    3897 |  426  330 | 0.1194 0.0925
True      |     3732 |    3286    4077 |  446  345 | 0.1195 0.0924
True      |     3567 |    3141    3897 |  426  330 | 0.1194 0.0925
True      |     3567 |    3141    3897 |  426  330 | 0.1194 0.0925
True      |     3732 |    3286    4077 |  446  345 | 0.1195 0.0924
True      |     3567 |    3141    3897 |  426  330 | 0.1194 0.0925
True      |     3567 |    3141    3897 |  426  330 | 0.1194 0.0925
True      |     3732 |    3286    4077 |  446  345 | 0.1195 0.0924
True      |     3567 |    3141    3897 |  426  330 | 0.1194 0.0925
True      |     3567 |    3141    3897 |  426  330 | 0.1194 0.0925
True      |     3732 |    3286    4077 |  446  345 | 0.1195 0.0924
True      |     3567 |    3141    3897 |  426  330 | 0.1194 0.0925
True      |     3567 |    3141    3897 |  426  330 | 0.1194 0.0925
True      |     3732 |    3286    4077 |  446  345 | 0.1195 0.0924
True      |     3567 |    3141    3897 |  426  330 | 0.1194 0.0925
True      |     3567 |    3141    3897 |  426  330 | 0.1194 0.0925
True      |     3732 |    3286    4077 |  446  345 | 0.1195 0.0924
True      |     3567 |    3141    3897 |  426  330 | 0.1194 0.0925
True      |     3567 |    3141    3897 |  426  330 | 0.1194 0.0925
True      |     3732 |    3286    4077 |  446  345 | 0.1195 0.0924
True      |     3567 |    3141    3897 |  426  330 | 0.1194 0.0925
True      |     3567 |    3141    3897 |  426  330 | 0.1194 0.0925
True      |     3732 |    3286    4077 |  446  345 | 0.1195 0.0924
True      |     3699 |    3257    4041 |  442  342 | 0.1195 0.0925
True      |     3699 |    3257    4041 |  442  342 | 0.1195 0.0925
True      |     3864 |    3402    4221 |  462  357 | 0.1196 0.0924
True      |     3699 |    3257    4041 |  442  342 | 0.1195 0.0925
True      |     3699 |    3257    4041 |  442  342 | 0.1195 0.0925
True      |     3864 |    3402    4221 |  462  357 | 0.1196 0.0924
True      |     3699 |    3257    4041 |  442  342 | 0.1195 0.0925
True      |     3699 |    3257    4041 |  442  342 | 0.1195 0.0925
True      |     3864 |    3402    4221 |  462  357 | 0.1196 0.0924
True      |     3699 |    3257    4041 |  442  342 | 0.1195 0.0925
True      |     3699 |    3257    4041 |  442  342 | 0.1195 0.0925
True      |     3864 |    3402    4221 |  462  357 | 0.1196 0.0924
True      |     3699 |    3257    4041 |  442  342 | 0.1195 0.0925
True      |     3699 |    3257    4041 |  442  342 | 0.1195 0.0925
True      |     3864 |    3402    4221 |  462  357 | 0.1196 0.0924
True      |     3699 |    3257    4041 |  442  342 | 0.1195 0.0925
True      |     3699 |    3257    4041 |  442  342 | 0.1195 0.0925
True      |     3864 |    3402    4221 |  462  357 | 0.1196 0.0924
True      |     3699 |    3257    4041 |  442  342 | 0.1195 0.0925
True      |     3699 |    3257    4041 |  442  342 | 0.1195 0.0925
True      |     3864 |    3402    4221 |  462  357 | 0.1196 0.0924
True      |     3699 |    3257    4041 |  442  342 | 0.1195 0.0925
True      |     3699 |    3257    4041 |  442  342 | 0.1195 0.0925
True      |     3864 |    3402    4221 |  462  357 | 0.1196 0.0924
True      |     3699 |    3257    4041 |  442  342 | 0.1195 0.0925
True      |     3699 |    3257    4041 |  442  342 | 0.1195 0.0925
True      |     3864 |    3402    4221 |  462  357 | 0.1196 0.0924
True      |     3699 |    3257    4041 |  442  342 | 0.1195 0.0925
True      |     3699 |    3257    4041 |  442  342 | 0.1195 0.0925
True      |     3864 |    3402    4221 |  462  357 | 0.1196 0.0924
True      |     3831 |    3373    4185 |  458  354 | 0.1196 0.0924
True      |     3831 |    3373    4185 |  458  354 | 0.1196 0.0924
True      |     3996 |    3518    4365 |  478  369 | 0.1196 0.0923
True      |     3831 |    3373    4185 |  458  354 | 0.1196 0.0924
True      |     3831 |    3373    4185 |  458  354 | 0.1196 0.0924
True      |     3996 |    3518    4365 |  478  369 | 0.1196 0.0923
True      |     3831 |    3373    4185 |  458  354 | 0.1196 0.0924
True      |     3831 |    3373    4185 |  458  354 | 0.1196 0.0924
True      |     3996 |    3518    4365 |  478  369 | 0.1196 0.0923
True      |     3831 |    3373    4185 |  458  354 | 0.1196 0.0924
True      |     3831 |    3373    4185 |  458  354 | 0.1196 0.0924
True      |     3996 |    3518    4365 |  478  369 | 0.1196 0.0923
True      |     3831 |    3373    4185 |  458  354 | 0.1196 0.0924
True      |     3831 |    3373    4185 |  458  354 | 0.1196 0.0924
True      |     3996 |    3518    4365 |  478  369 | 0.1196 0.0923
True      |     3831 |    3373    4185 |  458  354 | 0.1196 0.0924
True      |     3831 |    3373    4185 |  458  354 | 0.1196 0.0924
True      |     3996 |    3518    4365 |  478  369 | 0.1196 0.0923
True      |     3831 |    3373    4185 |  458  354 | 0.1196 0.0924
True      |     3831 |    3373    4185 |  458  354 | 0.1196 0.0924
True      |     3996 |    3518    4365 |  478  369 | 0.1196 0.0923
True      |     3831 |    3373    4185 |  458  354 | 0.1196 0.0924
True      |     3831 |    3373    4185 |  458  354 | 0.1196 0.0924
True      |     3996 |    3518    4365 |  478  369 | 0.1196 0.0923
True      |     3831 |    3373    4185 |  458  354 | 0.1196 0.0924
True      |     3831 |    3373    4185 |  458  354 | 0.1196 0.0924
True      |     3996 |    3518    4365 |  478  369 | 0.1196 0.0923
True      |     3831 |    3373    4185 |  458  354 | 0.1196 0.0924
True      |     3831 |    3373    4185 |  458  354 | 0.1196 0.0924
True      |     3996 |    3518    4365 |  478  369 | 0.1196 0.0923
True      |     3963 |    3489    4329 |  474  366 | 0.1196 0.0924
True      |     3963 |    3489    4329 |  474  366 | 0.1196 0.0924
True      |     4128 |    3634    4509 |  494  381 | 0.1197 0.0923
True      |     3963 |    3489    4329 |  474  366 | 0.1196 0.0924
True      |     3963 |    3489    4329 |  474  366 | 0.1196 0.0924
True      |     4128 |    3634    4509 |  494  381 | 0.1197 0.0923
True      |     3963 |    3489    4329 |  474  366 | 0.1196 0.0924
True      |     3963 |    3489    4329 |  474  366 | 0.1196 0.0924
True      |     4128 |    3634    4509 |  494  381 | 0.1197 0.0923
True      |     3963 |    3489    4329 |  474  366 | 0.1196 0.0924
True      |     3963 |    3489    4329 |  474  366 | 0.1196 0.0924
True      |     4128 |    3634    4509 |  494  381 | 0.1197 0.0923
True      |     3963 |    3489    4329 |  474  366 | 0.1196 0.0924
True      |     3963 |    3489    4329 |  474  366 | 0.1196 0.0924
True      |     4128 |    3634    4509 |  494  381 | 0.1197 0.0923
True      |     3963 |    3489    4329 |  474  366 | 0.1196 0.0924
True      |     3963 |    3489    4329 |  474  366 | 0.1196 0.0924
True      |     4128 |    3634    4509 |  494  381 | 0.1197 0.0923
True      |     3963 |    3489    4329 |  474  366 | 0.1196 0.0924
True      |     3963 |    3489    4329 |  474  366 | 0.1196 0.0924
True      |     4128 |    3634    4509 |  494  381 | 0.1197 0.0923
True      |     3963 |    3489    4329 |  474  366 | 0.1196 0.0924
True      |     3963 |    3489    4329 |  474  366 | 0.1196 0.0924
True      |     4128 |    3634    4509 |  494  381 | 0.1197 0.0923
True      |     3963 |    3489    4329 |  474  366 | 0.1196 0.0924
True      |     3963 |    3489    4329 |  474  366 | 0.1196 0.0924
True      |     4128 |    3634    4509 |  494  381 | 0.1197 0.0923
True      |     3963 |    3489    4329 |  474  366 | 0.1196 0.0924
True      |     3963 |    3489    4329 |  474  366 | 0.1196 0.0924
True      |     4128 |    3634    4509 |  494  381 | 0.1197 0.0923
True      |     4095 |    3605    4473 |  490  378 | 0.1197 0.0923
True      |     4095 |    3605    4473 |  490  378 | 0.1197 0.0923
True      |     4260 |    3750    4653 |  510  393 | 0.1197 0.0923
True      |     4095 |    3605    4473 |  490  378 | 0.1197 0.0923
True      |     4095 |    3605    4473 |  490  378 | 0.1197 0.0923
True      |     4260 |    3750    4653 |  510  393 | 0.1197 0.0923
True      |     4095 |    3605    4473 |  490  378 | 0.1197 0.0923
True      |     4095 |    3605    4473 |  490  378 | 0.1197 0.0923
True      |     4260 |    3750    4653 |  510  393 | 0.1197 0.0923
True      |     4095 |    3605    4473 |  490  378 | 0.1197 0.0923
True      |     4095 |    3605    4473 |  490  378 | 0.1197 0.0923
True      |     4260 |    3750    4653 |  510  393 | 0.1197 0.0923
True      |     4095 |    3605    4473 |  490  378 | 0.1197 0.0923
True      |     4095 |    3605    4473 |  490  378 | 0.1197 0.0923
True      |     4260 |    3750    4653 |  510  393 | 0.1197 0.0923
True      |     4095 |    3605    4473 |  490  378 | 0.1197 0.0923
True      |     4095 |    3605    4473 |  490  378 | 0.1197 0.0923
True      |     4260 |    3750    4653 |  510  393 | 0.1197 0.0923
True      |     4095 |    3605    4473 |  490  378 | 0.1197 0.0923
True      |     4095 |    3605    4473 |  490  378 | 0.1197 0.0923
True      |     4260 |    3750    4653 |  510  393 | 0.1197 0.0923
True      |     4095 |    3605    4473 |  490  378 | 0.1197 0.0923
True      |     4095 |    3605    4473 |  490  378 | 0.1197 0.0923
True      |     4260 |    3750    4653 |  510  393 | 0.1197 0.0923
True      |     4095 |    3605    4473 |  490  378 | 0.1197 0.0923
True      |     4095 |    3605    4473 |  490  378 | 0.1197 0.0923
True      |     4260 |    3750    4653 |  510  393 | 0.1197 0.0923
True      |     4095 |    3605    4473 |  490  378 | 0.1197 0.0923
True      |     4095 |    3605    4473 |  490  378 | 0.1197 0.0923
True      |     4260 |    3750    4653 |  510  393 | 0.1197 0.0923
True      |     4227 |    3721    4617 |  506  390 | 0.1197 0.0923
True      |     4227 |    3721    4617 |  506  390 | 0.1197 0.0923
True      |     4392 |    3866    4797 |  526  405 | 0.1198 0.0922
True      |     4227 |    3721    4617 |  506  390 | 0.1197 0.0923
True      |     4227 |    3721    4617 |  506  390 | 0.1197 0.0923
True      |     4392 |    3866    4797 |  526  405 | 0.1198 0.0922
True      |     4227 |    3721    4617 |  506  390 | 0.1197 0.0923
True      |     4227 |    3721    4617 |  506  390 | 0.1197 0.0923
True      |     4392 |    3866    4797 |  526  405 | 0.1198 0.0922
True      |     4227 |    3721    4617 |  506  390 | 0.1197 0.0923
True      |     4227 |    3721    4617 |  506  390 | 0.1197 0.0923
True      |     4392 |    3866    4797 |  526  405 | 0.1198 0.0922
True      |     4227 |    3721    4617 |  506  390 | 0.1197 0.0923
True      |     4227 |    3721    4617 |  506  390 | 0.1197 0.0923
True      |     4392 |    3866    4797 |  526  405 | 0.1198 0.0922
True      |     4227 |    3721    4617 |  506  390 | 0.1197 0.0923
True      |     4227 |    3721    4617 |  506  390 | 0.1197 0.0923
True      |     4392 |    3866    4797 |  526  405 | 0.1198 0.0922
True      |     4227 |    3721    4617 |  506  390 | 0.1197 0.0923
True      |     4227 |    3721    4617 |  506  390 | 0.1197 0.0923
True      |     4392 |    3866    4797 |  526  405 | 0.1198 0.0922
True      |     4227 |    3721    4617 |  506  390 | 0.1197 0.0923
True      |     4227 |    3721    4617 |  506  390 | 0.1197 0.0923
True      |     4392 |    3866    4797 |  526  405 | 0.1198 0.0922
True      |     4227 |    3721    4617 |  506  390 | 0.1197 0.0923
True      |     4227 |    3721    4617 |  506  390 | 0.1197 0.0923
True      |     4392 |    3866    4797 |  526  405 | 0.1198 0.0922
True      |     4227 |    3721    4617 |  506  390 | 0.1197 0.0923
True      |     4227 |    3721    4617 |  506  390 | 0.1197 0.0923
True      |     4392 |    3866    4797 |  526  405 | 0.1198 0.0922
Avg min percent off: 11.57%
Avg max percent off: 9.587%
Variance percent off: [5.780246278086294e-05, 4.681999485249898e-05]%
