string instructions throughput



Instruction: lodsb 

     Clock   Core cyc   Instruct       Uops     uop p0     uop p1     uop p2 
       436        527        102        302         47         56         50 
        94        113        102        302         47         51         50 
        86        105        102        302         49         52         50 
        95        113        102        302         47         51         50 
        87        105        102        302         49         52         50 
        88        106        102        302         49         52         50 
        86        105        102        302         49         52         50 
        95        113        102        302         47         51         50 

     Clock   Core cyc   Instruct       Uops     uop p3     uop p4     uop p5 
       439        494        102        302         50          0         54 
       102        113        102        302         50          0         52 
       102        112        102        302         50          0         52 
       104        112        102        302         50          0         52 
       102        112        102        302         50          0         52 
       104        112        102        302         50          0         52 
       102        113        102        302         50          0         52 
       101        112        102        302         50          0         52 

     Clock   Core cyc   Instruct       Uops     uop p6     uop p7   uops RAT 
       587        671        102        302         50          0        303 
       101        113        102        302         50          0        302 
        99        115        102        302         50          0        302 
       103        113        102        302         50          0        303 
       101        113        102        302         50          0        303 
       100        113        102        302         50          0        303 
        99        113        102        302         50          0        303 
        99        114        102        302         50          0        303 


Instruction: lodsw 

     Clock   Core cyc   Instruct       Uops     uop p0     uop p1     uop p2 
       444        493        102        302         48         54         50 
       105        113        102        302         47         51         50 
       105        114        102        302         47         51         50 
       101        105        102        302         49         52         50 
        97        105        102        302         49         52         50 
       103        113        102        302         47         51         50 
       103        113        102        302         47         51         50 
        97        106        102        302         49         52         50 

     Clock   Core cyc   Instruct       Uops     uop p3     uop p4     uop p5 
       424        500        102        302         50          0         47 
        94        112        102        302         50          0         54 
        95        112        102        302         50          0         54 
        97        113        102        302         50          0         54 
        93        113        102        302         50          0         54 
        95        112        102        302         50          0         54 
        95        113        102        302         50          0         54 
        94        112        102        302         50          0         54 

     Clock   Core cyc   Instruct       Uops     uop p6     uop p7   uops RAT 
       415        476        102        302         56          0        302 
       101        112        102        302         50          0        302 
        97        112        102        302         50          0        302 
        97        112        102        302         50          0        302 
       100        113        102        302         50          0        302 
        99        112        102        302         50          0        302 
        95        112        102        302         50          0        302 
        97        112        102        302         50          0        302 


Instruction: lodsd 

     Clock   Core cyc   Instruct       Uops     uop p0     uop p1     uop p2 
       779       2058        102        225         41         23         52 
       357        414        102        246         47         38         51 
       105        104        102        202         24         41         49 
       113        112        102        202         26         36         50 
        93        105        102        202         35         31         49 
       101        112        102        202         24         40         50 
       133        168        102        204         41         37         51 
       153        216        102        202         42         41         49 

     Clock   Core cyc   Instruct       Uops     uop p3     uop p4     uop p5 
       523       1721        102        202         50          0         54 
       107        771        102        202         48          0         10 
       103        123        102        202         47          0         13 
       101        121        102        202         47          0         16 
       122        139        102        202         49          0         48 
       147        159        102        202         50          0         36 
       115        178        102        202         48          0         14 
        95        111        102        202         50          0         41 

     Clock   Core cyc   Instruct       Uops     uop p6     uop p7   uops RAT 
       428        509        102        202         28          0        202 
        82        101        102        202         10          0        202 
        86        100        102        202         10          0        202 
        84        102        102        202         30          0        202 
        86        101        102        202         10          0        202 
        84        100        102        202         30          0        202 
        86        102        102        202         10          0        202 
        84        100        102        202         30          0        202 


Instruction: lodsq 

     Clock   Core cyc   Instruct       Uops     uop p0     uop p1     uop p2 
       435        495        102        202         32         33         50 
        88         99        102        202         33         35         50 
        91        101        102        202         33         35         50 
        89         99        102        202         33         35         50 
        86         99        102        202         33         35         50 
        87        100        102        202         33         35         50 
        84         99        102        202         33         35         50 
        85         98        102        202         33         35         50 

     Clock   Core cyc   Instruct       Uops     uop p3     uop p4     uop p5 
       430        472        102        202         50          0         16 
        91        103        102        202         50          0         10 
        91        100        102        202         50          0         10 
        93        100        102        202         50          0         10 
        92        102        102        202         50          0         10 
        93        100        102        202         50          0         10 
        95        100        102        202         50          0         10 
        92        102        102        202         50          0         10 

     Clock   Core cyc   Instruct       Uops     uop p6     uop p7   uops RAT 
      1340       1578        102        202         21          0        206 
        82        101        102        202         34          0        202 
        84        102        102        202         34          0        202 
        86        100        102        202         34          0        202 
        82        100        102        202         34          0        202 
        88        102        102        202         34          0        202 
        84        100        102        202         34          0        202 
        86        100        102        202         34          0        202 


Instruction: stosb 

     Clock   Core cyc   Instruct       Uops     uop p0     uop p1     uop p2 
       314        365        102        302         22         24         67 
        89        100        102        302         22         24         67 
        87        100        102        302         22         24         67 
        87        100        102        302         22         24         67 
        91        102        102        302         22         24         67 
        89        102        102        302         22         24         67 
        87        100        102        302         22         24         67 
        87        100        102        302         22         24         67 

     Clock   Core cyc   Instruct       Uops     uop p3     uop p4     uop p5 
       421        516        102        302         33        100         23 
        84        100        102        302         33        100         23 
        83        100        102        302         33        100         22 
        83        102        102        302         33        100         23 
        84        103        102        302         33        100         22 
        80        100        102        302         33        100         23 
        83        100        102        302         33        100         22 
        82        100        102        302         33        100         23 

     Clock   Core cyc   Instruct       Uops     uop p6     uop p7   uops RAT 
       436        526        102        302         34          0        302 
        86        100        102        302         33          0        302 
        87        102        102        302         34          0        302 
        84        101        102        302         33          0        302 
        86        100        102        302         34          0        302 
        83        100        102        302         33          0        302 
        86        100        102        302         34          0        302 
        86        102        102        302         33          0        302 


Instruction: stosw 

     Clock   Core cyc   Instruct       Uops     uop p0     uop p1     uop p2 
       422        511        102        302         20         22         60 
        86        104        102        302         20         22         60 
        85        100        102        302         20         22         60 
        83        101        102        302         22         24         67 
        80        100        102        302         20         22         60 
        82        101        102        302         22         24         67 
        85        102        102        302         20         22         60 
        85        101        102        302         22         24         67 

     Clock   Core cyc   Instruct       Uops     uop p3     uop p4     uop p5 
       677        812        102        302         36        100         50 
       184        218        102        302         36        100         32 
       170        209        102        302         37        101         59 
       168        206        102        304         39        101         45 
       187        220        102        302         20        100         46 
       176        210        102        302         40        102         33 
       204        232        102        302         20        100         45 
       177        209        102        306         31        101         42 

     Clock   Core cyc   Instruct       Uops     uop p6     uop p7   uops RAT 
       381        641        102        302         29          0        302 
        86        100        102        302         30          0        302 
        85        101        102        302         30          0        302 
        85        100        102        302         33          0        302 
        89        102        102        302         33          0        302 
        87        101        102        302         33          0        302 
        87        100        102        302         33          0        302 
        84        100        102        302         33          0        302 


Instruction: stosd 

     Clock   Core cyc   Instruct       Uops     uop p0     uop p1     uop p2 
       416        520        102        302         20         22         60 
        81        100        102        302         22         24         67 
        81        100        102        302         20         22         60 
        82        100        102        302         22         24         67 
        81        103        102        302         20         22         60 
        80        100        102        302         22         24         67 
        79        100        102        302         20         22         60 
        82        100        102        302         22         24         67 

     Clock   Core cyc   Instruct       Uops     uop p3     uop p4     uop p5 
       379        457        102        302         33        100         23 
        79         99        102        302         33        100         23 
        80         99        102        302         33        100         22 
        82         99        102        302         33        100         23 
        85         99        102        302         33        100         22 
        83        101        102        302         33        100         23 
        80         99        102        302         33        100         22 
        79         99        102        302         33        100         23 

     Clock   Core cyc   Instruct       Uops     uop p6     uop p7   uops RAT 
       434        510        102        302         33          0        302 
        86        101        102        302         33          0        302 
        82         99        102        302         30          0        302 
        87         99        102        302         30          0        302 
        85         99        102        302         33          0        302 
        87        103        102        302         30          0        302 
        87        100        102        302         33          0        302 
        81         99        102        302         30          0        302 


Instruction: stosq 

     Clock   Core cyc   Instruct       Uops     uop p0     uop p1     uop p2 
       425        500        102        302         20         22         60 
        87        102        102        302         20         22         60 
        85        100        102        302         20         22         60 
        83        100        102        302         20         22         60 
        85        100        102        302         20         22         60 
        87        104        102        302         20         22         60 
        85        101        102        302         20         22         60 
        87        100        102        302         20         22         60 

     Clock   Core cyc   Instruct       Uops     uop p3     uop p4     uop p5 
      1203       1290        102        302         40        100         30 
        95        103        102        302         40        100         30 
        93        100        102        302         40        100         30 
        91        102        102        302         40        100         30 
        91        100        102        302         40        100         30 
        95        104        102        302         40        100         30 
        95        101        102        302         40        100         30 
        95        102        102        302         40        100         30 

     Clock   Core cyc   Instruct       Uops     uop p6     uop p7   uops RAT 
       429        503        102        302         33          0        302 
        85        100        102        302         33          0        302 
        88        103        102        302         33          0        302 
        89        101        102        302         33          0        302 
        85        100        102        302         33          0        302 
        87        100        102        302         33          0        302 
        87        100        102        302         33          0        302 
        91        102        102        302         33          0        302 


Instruction: movsb 

     Clock   Core cyc   Instruct       Uops     uop p0     uop p1     uop p2 
       387        469        102        502         10         50         99 
       331        401        102        502          3         51        100 
       333        403        102        502          3         51         99 
       331        402        102        502          3         51        100 
       333        403        102        502          3         51         99 
       332        403        102        502          3         51        100 
       334        401        102        502          3         51         99 
       329        401        102        502          3         51        100 

     Clock   Core cyc   Instruct       Uops     uop p3     uop p4     uop p5 
       659        772        102        502        101        116         51 
       346        401        102        502        100        100         51 
       342        401        102        502        101        100         51 
       343        401        102        502        100        100         51 
       346        402        102        502        101        100         51 
       344        401        102        502        100        100         51 
       342        402        102        502        101        100         51 
       339        400        102        502        100        100         51 

     Clock   Core cyc   Instruct       Uops     uop p6     uop p7   uops RAT 
       627        787        102        502         97          0        502 
       319        402        102        502         97          0        502 
       317        402        102        502         97          0        502 
       318        402        102        502         97          0        502 
       319        401        102        502         97          0        502 
       318        401        102        502         97          0        502 
       317        401        102        502         97          0        502 
       316        401        102        502         97          0        502 


Instruction: movsw 

     Clock   Core cyc   Instruct       Uops     uop p0     uop p1     uop p2 
       524        616        102        502          3         51         99 
       341        399        102        502          3         51        100 
       345        401        102        502          3         51         99 
       343        399        102        502          3         51        100 
       339        399        102        502          3         51         99 
       341        400        102        502          3         51        100 
       341        401        102        502          3         51         99 
       339        399        102        502          3         51        100 

     Clock   Core cyc   Instruct       Uops     uop p3     uop p4     uop p5 
       648        785        102        502        100        125         51 
       331        400        102        502        101        100         51 
       331        401        102        502        100        100         51 
       333        401        102        502        101        100         51 
       329        401        102        502        100        100         51 
       331        401        102        502        101        100         51 
       331        401        102        502        100        100         51 
       331        401        102        502        101        100         51 

     Clock   Core cyc   Instruct       Uops     uop p6     uop p7   uops RAT 
       631        739        102        502         86          0        502 
       345        404        102        502         97          0        502 
       345        404        102        502         97          0        502 
       341        401        102        502         97          0        502 
       343        401        102        502         97          0        502 
       343        403        102        502         97          0        502 
       343        402        102        502         97          0        502 
       345        402        102        502         97          0        502 


Instruction: movsd 

     Clock   Core cyc   Instruct       Uops     uop p0     uop p1     uop p2 
       653        787        102        502          3         51         99 
       333        401        102        502          3         51        100 
       331        401        102        502          3         51         99 
       331        401        102        502          3         51        100 
       335        401        102        502          3         51         99 
       332        401        102        502          3         51        100 
       331        401        102        502          3         51         99 
       331        401        102        502          3         51        100 

     Clock   Core cyc   Instruct       Uops     uop p3     uop p4     uop p5 
      1297       1575        102        502        101        119         51 
       329        401        102        502        100        100         51 
       327        399        102        502        101        100         51 
       331        401        102        502        100        100         51 
       330        399        102        502        101        100         51 
       328        401        102        502        100        100         51 
       331        399        102        502        101        100         51 
       331        402        102        502        100        100         51 

     Clock   Core cyc   Instruct       Uops     uop p6     uop p7   uops RAT 
       648        785        102        502         97          0        502 
       333        403        102        502         97          0        502 
       333        401        102        502         97          0        502 
       333        401        102        502         97          0        502 
       333        401        102        502         97          0        502 
       335        401        102        502         97          0        502 
       331        401        102        502         97          0        502 
       332        401        102        502         97          0        502 


Instruction: movsq 

     Clock   Core cyc   Instruct       Uops     uop p0     uop p1     uop p2 
       641        780        102        502          3         51         99 
       331        401        102        502          3         51        100 
       330        401        102        502          3         51         99 
       330        401        102        502          3         51        100 
       333        401        102        502          3         51         99 
       329        402        102        502          3         51        100 
       333        402        102        502          3         51         99 
       329        402        102        502          3         51        100 

     Clock   Core cyc   Instruct       Uops     uop p3     uop p4     uop p5 
       624        758        102        502        101        161         51 
       331        402        102        502        100        100         51 
       335        402        102        502        101        100         51 
       331        403        102        502        100        100         51 
       330        403        102        502        101        100         51 
       330        403        102        502        100        100         51 
       334        404        102        502        101        100         51 
       334        401        102        502        100        100         51 

     Clock   Core cyc   Instruct       Uops     uop p6     uop p7   uops RAT 
       621        755        102        502         97          0        502 
       329        401        102        502         97          0        502 
       331        401        102        502         97          0        502 
       329        401        102        502         97          0        502 
       329        401        102        502         97          0        502 
       330        401        102        502         97          0        502 
       328        401        102        502         97          0        502 
       327        401        102        502         97          0        502 


Instruction: scasb 

     Clock   Core cyc   Instruct       Uops     uop p0     uop p1     uop p2 
       432        520        102        302         65         70         50 
        92        112        102        302         45         50         50 
        96        112        102        302         45         50         50 
        93        112        102        302         45         50         50 
        95        112        102        302         45         50         50 
        98        113        102        302         45         50         50 
        94        112        102        302         45         50         50 
        93        112        102        302         45         50         50 

     Clock   Core cyc   Instruct       Uops     uop p3     uop p4     uop p5 
       438        497        102        302         50          0         66 
       101        112        102        302         50          0         52 
       101        111        102        302         50          0         52 
        97        112        102        302         50          0         52 
       100        113        102        302         50          0         52 
       101        112        102        302         50          0         52 
       103        111        102        302         50          0         52 
        97        112        102        302         50          0         52 

     Clock   Core cyc   Instruct       Uops     uop p6     uop p7   uops RAT 
       419        465        102        302         60          0        302 
       105        113        102        302         50          0        303 
       102        111        102        302         50          0        303 
       105        113        102        302         50          0        303 
        99        111        102        302         50          0        303 
       101        113        102        302         50          0        303 
       102        113        102        302         50          0        303 
       105        113        102        302         50          0        303 


Instruction: scasw 

     Clock   Core cyc   Instruct       Uops     uop p0     uop p1     uop p2 
       430        506        102        302         66         69         50 
        89        107        102        302         48         51         50 
        97        114        102        302         45         50         50 
        95        113        102        302         45         50         50 
        97        113        102        302         45         50         50 
        97        113        102        302         45         50         50 
        95        114        102        302         45         50         50 
        96        113        102        302         45         50         50 

     Clock   Core cyc   Instruct       Uops     uop p3     uop p4     uop p5 
       454        528        102        302         50          0         63 
        99        112        102        302         50          0         52 
        97        114        102        302         50          0         52 
        97        112        102        302         50          0         54 
        97        112        102        302         50          0         54 
       101        112        102        302         50          0         54 
        98        113        102        302         50          0         54 
        98        112        102        302         50          0         54 

     Clock   Core cyc   Instruct       Uops     uop p6     uop p7   uops RAT 
       394        449        102        302         64          0        310 
       101        114        102        302         50          0        303 
       101        114        102        302         50          0        303 
       101        113        102        302         50          0        302 
       103        114        102        302         50          0        302 
       100        113        102        302         50          0        302 
       103        113        102        302         50          0        302 
       100        113        102        302         50          0        302 


Instruction: scasd 

     Clock   Core cyc   Instruct       Uops     uop p0     uop p1     uop p2 
       428        500        102        302         59         59         50 
        97        113        102        302         45         50         50 
        99        114        102        302         45         50         50 
        97        115        102        302         47         51         50 
        98        113        102        302         45         50         50 
        98        114        102        302         47         51         50 
        96        113        102        302         45         50         50 
        99        115        102        302         47         51         50 

     Clock   Core cyc   Instruct       Uops     uop p3     uop p4     uop p5 
       517        610        102        302         50          0         62 
        96        111        102        302         50          0         52 
        98        111        102        302         50          0         52 
        94        113        102        302         50          0         52 
        95        111        102        302         50          0         52 
        95        111        102        302         50          0         52 
        97        111        102        302         50          0         52 
        95        113        102        302         50          0         52 

     Clock   Core cyc   Instruct       Uops     uop p6     uop p7   uops RAT 
       403        463        102        302         65          0        302 
        98        114        102        302         50          0        303 
        99        112        102        302         50          0        303 
       100        112        102        302         50          0        303 
        95        112        102        302         50          0        303 
       101        114        102        302         50          0        303 
        97        112        102        302         50          0        303 
        99        112        102        302         50          0        303 


Instruction: scasq 

     Clock   Core cyc   Instruct       Uops     uop p0     uop p1     uop p2 
       444        499        102        302         72         79         50 
       103        114        102        302         47         51         50 
       103        113        102        302         45         50         50 
       103        114        102        302         45         50         50 
       103        113        102        302         45         50         50 
       103        113        102        302         45         50         50 
       100        113        102        302         45         50         50 
       101        113        102        302         45         50         50 

     Clock   Core cyc   Instruct       Uops     uop p3     uop p4     uop p5 
       400        456        102        302         50          0         82 
       101        113        102        302         50          0         54 
        99        113        102        302         50          0         54 
       103        113        102        302         50          0         54 
       103        113        102        302         50          0         54 
       102        114        102        302         50          0         54 
        97        113        102        302         50          0         54 
       102        113        102        302         50          0         54 

     Clock   Core cyc   Instruct       Uops     uop p6     uop p7   uops RAT 
       445        503        102        302         74          0        313 
       100        113        102        302         50          0        303 
       103        114        102        302         50          0        303 
       104        114        102        302         50          0        302 
       103        114        102        302         50          0        302 
        99        113        102        302         50          0        302 
       103        113        102        302         50          0        302 
       103        113        102        302         50          0        302 


Instruction: cmpsb 

     Clock   Core cyc   Instruct       Uops     uop p0     uop p1     uop p2 
       478        597        102        502         46         95        100 
       323        400        102        502         39         96        100 
       320        401        102        502         39         96        100 
       323        400        102        502         39         96        100 
       320        401        102        502         39         96        100 
       323        400        102        502         39         96        100 
       320        401        102        502         39         96        100 
       323        400        102        502         39         96        100 

     Clock   Core cyc   Instruct       Uops     uop p3     uop p4     uop p5 
       694       1642        102        546         99          0        100 
       352        946        102        546        101          1        126 
       367        430        102        504        101          1        117 
      1009       1200        102        544        105          0        127 
       365        433        102        502         99          0        118 
       365        468        102        502         99          0        110 
       361        433        102        502        103          0        105 
       379        436        102        504        102          0        102 

     Clock   Core cyc   Instruct       Uops     uop p6     uop p7   uops RAT 
       649        787        102        502         91          0        502 
       331        402        102        502         83          0        502 
       333        402        102        502         83          0        502 
       331        403        102        502         84          0        502 
       331        403        102        502         83          0        502 
       332        404        102        502         83          0        502 
       332        404        102        502         83          0        502 
       329        401        102        502         84          0        502 


Instruction: cmpsw 

     Clock   Core cyc   Instruct       Uops     uop p0     uop p1     uop p2 
       614        746        102        502         57         91        100 
       331        401        102        502         40         96        100 
       333        401        102        502         39         96        100 
       334        401        102        502         40         96        100 
       330        401        102        502         39         96        100 
       332        401        102        502         39         96        100 
       334        401        102        502         40         96        100 
       332        401        102        502         39         96        100 

     Clock   Core cyc   Instruct       Uops     uop p3     uop p4     uop p5 
       440        535        102        502        101          0        119 
       354        460        102        504        102          0        112 
       349        421        102        504        100          0        106 
       345        413        102        504        101          0        112 
       345        415        102        502        102          0        107 
       356        437        102        502        102          0        119 
       359        429        102        502         99          0        122 
       343        429        102        502        100          0        131 

     Clock   Core cyc   Instruct       Uops     uop p6     uop p7   uops RAT 
       678        828        102        502         91          0        502 
       333        403        102        502         84          0        502 
       325        401        102        502         84          0        502 
       325        401        102        502         84          0        502 
       331        402        102        502         84          0        502 
       328        402        102        502         84          0        502 
       330        402        102        502         84          0        502 
       329        402        102        502         84          0        502 


Instruction: cmpsd 

     Clock   Core cyc   Instruct       Uops     uop p0     uop p1     uop p2 
       693        739        102        502         66         91        100 
       374        400        102        502         39         96        100 
       373        400        102        502         39         96        100 
       376        399        102        502         39         96        100 
       375        400        102        502         39         96        100 
       376        399        102        502         39         96        100 
       373        400        102        502         39         96        100 
       376        399        102        502         39         96        100 

     Clock   Core cyc   Instruct       Uops     uop p3     uop p4     uop p5 
       662        776        102        502        100          0         94 
       343        402        102        502        100          0         83 
       343        402        102        502        100          0         83 
       343        400        102        502        100          0         83 
       343        401        102        502        100          0         83 
       343        401        102        502        100          0         83 
       345        402        102        502        100          0         83 
       344        402        102        502        100          0         83 

     Clock   Core cyc   Instruct       Uops     uop p6     uop p7   uops RAT 
       670        761        102        502         89          0        502 
       353        399        102        502         84          0        502 
       349        399        102        502         84          0        502 
       351        399        102        502         84          0        502 
       351        400        102        502         84          0        502 
       351        399        102        502         84          0        502 
       351        400        102        502         84          0        502 
       347        399        102        502         84          0        502 


Instruction: cmpsq 

     Clock   Core cyc   Instruct       Uops     uop p0     uop p1     uop p2 
       743        844        102        502         71         82        100 
       353        400        102        502         39         96        100 
       351        399        102        502         39         96        100 
       353        400        102        502         39         96        100 
       355        400        102        502         39         96        100 
       351        400        102        502         39         96        100 
       352        399        102        502         39         96        100 
       351        400        102        502         39         96        100 

     Clock   Core cyc   Instruct       Uops     uop p3     uop p4     uop p5 
       656        748        102        502        100          0         92 
       353        401        102        502        100          0         83 
       355        402        102        502        100          0         83 
       353        402        102        502        100          0         83 
       355        400        102        502        100          0         83 
       353        400        102        502        100          0         83 
       355        401        102        502        100          0         83 
       351        401        102        502        100          0         83 

     Clock   Core cyc   Instruct       Uops     uop p6     uop p7   uops RAT 
       664        757        102        502        100          0        502 
       349        400        102        502         84          0        502 
       357        400        102        502         84          0        502 
       351        401        102        502         84          0        502 
       351        401        102        502         84          0        502 
       351        401        102        502         84          0        502 
       353        401        102        502         84          0        502 
       353        400        102        502         84          0        502 



Instruction: rep lodsb, count = 100
