In Bounds | Measured | Expected Bounds |     Diffs | Diffs/Measured
-----------------------------------------------------------------------------------------
True      |       66 |      59      78 |    7   12 | 0.1061 0.1818
True      |       66 |      59      78 |    7   12 | 0.1061 0.1818
True      |      117 |     101     136 |   16   19 | 0.1368 0.1624
True      |      117 |     101     136 |   16   19 | 0.1368 0.1624
True      |      168 |     143     194 |   25   26 | 0.1488 0.1548
True      |      168 |     143     194 |   25   26 | 0.1488 0.1548
True      |      219 |     185     252 |   34   33 | 0.1553 0.1507
True      |      219 |     185     252 |   34   33 | 0.1553 0.1507
True      |      270 |     227     310 |   43   40 | 0.1593 0.1481
True      |      270 |     227     310 |   43   40 | 0.1593 0.1481
True      |      321 |     269     368 |   52   47 | 0.162 0.1464
True      |      321 |     269     368 |   52   47 | 0.162 0.1464
True      |      372 |     311     426 |   61   54 | 0.164 0.1452
True      |      372 |     311     426 |   61   54 | 0.164 0.1452
True      |      423 |     353     484 |   70   61 | 0.1655 0.1442
True      |      423 |     353     484 |   70   61 | 0.1655 0.1442
True      |      474 |     395     542 |   79   68 | 0.1667 0.1435
True      |      474 |     395     542 |   79   68 | 0.1667 0.1435
True      |      525 |     437     600 |   88   75 | 0.1676 0.1429
True      |      525 |     437     600 |   88   75 | 0.1676 0.1429
True      |      576 |     479     658 |   97   82 | 0.1684 0.1424
True      |      576 |     479     658 |   97   82 | 0.1684 0.1424
True      |      627 |     521     716 |  106   89 | 0.1691 0.1419
True      |      627 |     521     716 |  106   89 | 0.1691 0.1419
True      |      678 |     563     774 |  115   96 | 0.1696 0.1416
True      |      678 |     563     774 |  115   96 | 0.1696 0.1416
True      |      729 |     605     832 |  124  103 | 0.1701 0.1413
True      |      729 |     605     832 |  124  103 | 0.1701 0.1413
True      |      780 |     647     890 |  133  110 | 0.1705 0.141
True      |      780 |     647     890 |  133  110 | 0.1705 0.141
True      |      831 |     689     948 |  142  117 | 0.1709 0.1408
True      |      831 |     689     948 |  142  117 | 0.1709 0.1408
True      |      882 |     731    1006 |  151  124 | 0.1712 0.1406
True      |      882 |     731    1006 |  151  124 | 0.1712 0.1406
True      |      933 |     773    1064 |  160  131 | 0.1715 0.1404
True      |      933 |     773    1064 |  160  131 | 0.1715 0.1404
True      |      984 |     815    1122 |  169  138 | 0.1717 0.1402
True      |      984 |     815    1122 |  169  138 | 0.1717 0.1402
True      |     1035 |     857    1180 |  178  145 | 0.172 0.1401
True      |     1035 |     857    1180 |  178  145 | 0.172 0.1401
True      |     1086 |     899    1238 |  187  152 | 0.1722 0.14
True      |     1086 |     899    1238 |  187  152 | 0.1722 0.14
True      |     1137 |     941    1296 |  196  159 | 0.1724 0.1398
True      |     1137 |     941    1296 |  196  159 | 0.1724 0.1398
True      |     1188 |     983    1354 |  205  166 | 0.1726 0.1397
True      |     1188 |     983    1354 |  205  166 | 0.1726 0.1397
True      |     1239 |    1025    1412 |  214  173 | 0.1727 0.1396
True      |     1239 |    1025    1412 |  214  173 | 0.1727 0.1396
True      |     1290 |    1067    1470 |  223  180 | 0.1729 0.1395
True      |     1290 |    1067    1470 |  223  180 | 0.1729 0.1395
True      |     1341 |    1109    1528 |  232  187 | 0.173 0.1394
True      |     1341 |    1109    1528 |  232  187 | 0.173 0.1394
True      |     1392 |    1151    1586 |  241  194 | 0.1731 0.1394
True      |     1392 |    1151    1586 |  241  194 | 0.1731 0.1394
True      |     1443 |    1193    1644 |  250  201 | 0.1733 0.1393
True      |     1443 |    1193    1644 |  250  201 | 0.1733 0.1393
True      |     1494 |    1235    1702 |  259  208 | 0.1734 0.1392
True      |     1494 |    1235    1702 |  259  208 | 0.1734 0.1392
True      |     1545 |    1277    1760 |  268  215 | 0.1735 0.1392
True      |     1545 |    1277    1760 |  268  215 | 0.1735 0.1392
True      |     1596 |    1319    1818 |  277  222 | 0.1736 0.1391
True      |     1596 |    1319    1818 |  277  222 | 0.1736 0.1391
True      |     1647 |    1361    1876 |  286  229 | 0.1736 0.139
True      |     1647 |    1361    1876 |  286  229 | 0.1736 0.139
True      |     1698 |    1403    1934 |  295  236 | 0.1737 0.139
True      |     1698 |    1403    1934 |  295  236 | 0.1737 0.139
True      |     1749 |    1445    1992 |  304  243 | 0.1738 0.1389
True      |     1749 |    1445    1992 |  304  243 | 0.1738 0.1389
True      |     1800 |    1487    2050 |  313  250 | 0.1739 0.1389
True      |     1800 |    1487    2050 |  313  250 | 0.1739 0.1389
True      |     1851 |    1529    2108 |  322  257 | 0.174 0.1388
True      |     1851 |    1529    2108 |  322  257 | 0.174 0.1388
True      |     1902 |    1571    2166 |  331  264 | 0.174 0.1388
True      |     1902 |    1571    2166 |  331  264 | 0.174 0.1388
True      |     1953 |    1613    2224 |  340  271 | 0.1741 0.1388
True      |     1953 |    1613    2224 |  340  271 | 0.1741 0.1388
True      |     2004 |    1655    2282 |  349  278 | 0.1742 0.1387
True      |     2004 |    1655    2282 |  349  278 | 0.1742 0.1387
True      |     2055 |    1697    2340 |  358  285 | 0.1742 0.1387
True      |     2055 |    1697    2340 |  358  285 | 0.1742 0.1387
True      |     2106 |    1739    2398 |  367  292 | 0.1743 0.1387
True      |     2106 |    1739    2398 |  367  292 | 0.1743 0.1387
True      |     2157 |    1781    2456 |  376  299 | 0.1743 0.1386
True      |     2157 |    1781    2456 |  376  299 | 0.1743 0.1386
True      |     2208 |    1823    2514 |  385  306 | 0.1744 0.1386
True      |     2208 |    1823    2514 |  385  306 | 0.1744 0.1386
True      |     2259 |    1865    2572 |  394  313 | 0.1744 0.1386
True      |     2259 |    1865    2572 |  394  313 | 0.1744 0.1386
True      |     2310 |    1907    2630 |  403  320 | 0.1745 0.1385
True      |     2310 |    1907    2630 |  403  320 | 0.1745 0.1385
True      |     2361 |    1949    2688 |  412  327 | 0.1745 0.1385
True      |     2361 |    1949    2688 |  412  327 | 0.1745 0.1385
True      |     2412 |    1991    2746 |  421  334 | 0.1745 0.1385
True      |     2412 |    1991    2746 |  421  334 | 0.1745 0.1385
True      |     2463 |    2033    2804 |  430  341 | 0.1746 0.1384
True      |     2463 |    2033    2804 |  430  341 | 0.1746 0.1384
True      |     2514 |    2075    2862 |  439  348 | 0.1746 0.1384
True      |     2514 |    2075    2862 |  439  348 | 0.1746 0.1384
True      |     2565 |    2117    2920 |  448  355 | 0.1747 0.1384
True      |     2565 |    2117    2920 |  448  355 | 0.1747 0.1384
True      |     2616 |    2159    2978 |  457  362 | 0.1747 0.1384
True      |     2616 |    2159    2978 |  457  362 | 0.1747 0.1384
True      |     2667 |    2201    3036 |  466  369 | 0.1747 0.1384
True      |     2667 |    2201    3036 |  466  369 | 0.1747 0.1384
True      |     2718 |    2243    3094 |  475  376 | 0.1748 0.1383
True      |     2718 |    2243    3094 |  475  376 | 0.1748 0.1383
True      |     2769 |    2285    3152 |  484  383 | 0.1748 0.1383
True      |     2769 |    2285    3152 |  484  383 | 0.1748 0.1383
True      |     2820 |    2327    3210 |  493  390 | 0.1748 0.1383
True      |     2820 |    2327    3210 |  493  390 | 0.1748 0.1383
True      |     2871 |    2369    3268 |  502  397 | 0.1749 0.1383
True      |     2871 |    2369    3268 |  502  397 | 0.1749 0.1383
True      |     2922 |    2411    3326 |  511  404 | 0.1749 0.1383
True      |     2922 |    2411    3326 |  511  404 | 0.1749 0.1383
True      |     2973 |    2453    3384 |  520  411 | 0.1749 0.1382
True      |     2973 |    2453    3384 |  520  411 | 0.1749 0.1382
True      |     3024 |    2495    3442 |  529  418 | 0.1749 0.1382
True      |     3024 |    2495    3442 |  529  418 | 0.1749 0.1382
True      |     3075 |    2537    3500 |  538  425 | 0.175 0.1382
True      |     3075 |    2537    3500 |  538  425 | 0.175 0.1382
True      |     3126 |    2579    3558 |  547  432 | 0.175 0.1382
True      |     3126 |    2579    3558 |  547  432 | 0.175 0.1382
True      |     3177 |    2621    3616 |  556  439 | 0.175 0.1382
True      |     3177 |    2621    3616 |  556  439 | 0.175 0.1382
True      |     3228 |    2663    3674 |  565  446 | 0.175 0.1382
True      |     3228 |    2663    3674 |  565  446 | 0.175 0.1382
True      |     3279 |    2705    3732 |  574  453 | 0.1751 0.1382
True      |     3279 |    2705    3732 |  574  453 | 0.1751 0.1382
True      |     3330 |    2747    3790 |  583  460 | 0.1751 0.1381
True      |     3330 |    2747    3790 |  583  460 | 0.1751 0.1381
True      |     3381 |    2789    3848 |  592  467 | 0.1751 0.1381
True      |     3381 |    2789    3848 |  592  467 | 0.1751 0.1381
True      |     3432 |    2831    3906 |  601  474 | 0.1751 0.1381
True      |     3432 |    2831    3906 |  601  474 | 0.1751 0.1381
True      |     3483 |    2873    3964 |  610  481 | 0.1751 0.1381
True      |     3483 |    2873    3964 |  610  481 | 0.1751 0.1381
True      |     3534 |    2915    4022 |  619  488 | 0.1752 0.1381
True      |     3534 |    2915    4022 |  619  488 | 0.1752 0.1381
True      |     3585 |    2957    4080 |  628  495 | 0.1752 0.1381
True      |     3585 |    2957    4080 |  628  495 | 0.1752 0.1381
True      |     3636 |    2999    4138 |  637  502 | 0.1752 0.1381
True      |     3636 |    2999    4138 |  637  502 | 0.1752 0.1381
True      |     3687 |    3041    4196 |  646  509 | 0.1752 0.1381
True      |     3687 |    3041    4196 |  646  509 | 0.1752 0.1381
True      |     3738 |    3083    4254 |  655  516 | 0.1752 0.138
True      |     3738 |    3083    4254 |  655  516 | 0.1752 0.138
True      |     3789 |    3125    4312 |  664  523 | 0.1752 0.138
True      |     3789 |    3125    4312 |  664  523 | 0.1752 0.138
True      |     3840 |    3167    4370 |  673  530 | 0.1753 0.138
True      |     3840 |    3167    4370 |  673  530 | 0.1753 0.138
True      |     3891 |    3209    4428 |  682  537 | 0.1753 0.138
True      |     3891 |    3209    4428 |  682  537 | 0.1753 0.138
True      |     3942 |    3251    4486 |  691  544 | 0.1753 0.138
True      |     3942 |    3251    4486 |  691  544 | 0.1753 0.138
True      |     3993 |    3293    4544 |  700  551 | 0.1753 0.138
True      |     3993 |    3293    4544 |  700  551 | 0.1753 0.138
True      |     4044 |    3335    4602 |  709  558 | 0.1753 0.138
True      |     4044 |    3335    4602 |  709  558 | 0.1753 0.138
True      |     4095 |    3377    4660 |  718  565 | 0.1753 0.138
True      |     4095 |    3377    4660 |  718  565 | 0.1753 0.138
True      |     4146 |    3419    4718 |  727  572 | 0.1753 0.138
True      |     4146 |    3419    4718 |  727  572 | 0.1753 0.138
True      |     4197 |    3461    4776 |  736  579 | 0.1754 0.138
True      |     4197 |    3461    4776 |  736  579 | 0.1754 0.138
True      |     4248 |    3503    4834 |  745  586 | 0.1754 0.1379
True      |     4248 |    3503    4834 |  745  586 | 0.1754 0.1379
True      |     4299 |    3545    4892 |  754  593 | 0.1754 0.1379
True      |     4299 |    3545    4892 |  754  593 | 0.1754 0.1379
True      |     4350 |    3587    4950 |  763  600 | 0.1754 0.1379
True      |     4350 |    3587    4950 |  763  600 | 0.1754 0.1379
True      |     4401 |    3629    5008 |  772  607 | 0.1754 0.1379
True      |     4401 |    3629    5008 |  772  607 | 0.1754 0.1379
True      |     4452 |    3671    5066 |  781  614 | 0.1754 0.1379
True      |     4452 |    3671    5066 |  781  614 | 0.1754 0.1379
True      |     4503 |    3713    5124 |  790  621 | 0.1754 0.1379
True      |     4503 |    3713    5124 |  790  621 | 0.1754 0.1379
True      |     4554 |    3755    5182 |  799  628 | 0.1755 0.1379
True      |     4554 |    3755    5182 |  799  628 | 0.1755 0.1379
True      |     4605 |    3797    5240 |  808  635 | 0.1755 0.1379
True      |     4605 |    3797    5240 |  808  635 | 0.1755 0.1379
True      |     4656 |    3839    5298 |  817  642 | 0.1755 0.1379
True      |     4656 |    3839    5298 |  817  642 | 0.1755 0.1379
True      |     4707 |    3881    5356 |  826  649 | 0.1755 0.1379
True      |     4707 |    3881    5356 |  826  649 | 0.1755 0.1379
True      |     4758 |    3923    5414 |  835  656 | 0.1755 0.1379
True      |     4758 |    3923    5414 |  835  656 | 0.1755 0.1379
True      |     4809 |    3965    5472 |  844  663 | 0.1755 0.1379
True      |     4809 |    3965    5472 |  844  663 | 0.1755 0.1379
True      |     4860 |    4007    5530 |  853  670 | 0.1755 0.1379
True      |     4860 |    4007    5530 |  853  670 | 0.1755 0.1379
True      |     4911 |    4049    5588 |  862  677 | 0.1755 0.1379
True      |     4911 |    4049    5588 |  862  677 | 0.1755 0.1379
True      |     4962 |    4091    5646 |  871  684 | 0.1755 0.1378
True      |     4962 |    4091    5646 |  871  684 | 0.1755 0.1378
True      |     5013 |    4133    5704 |  880  691 | 0.1755 0.1378
True      |     5013 |    4133    5704 |  880  691 | 0.1755 0.1378
True      |     5064 |    4175    5762 |  889  698 | 0.1756 0.1378
True      |     5064 |    4175    5762 |  889  698 | 0.1756 0.1378
True      |     5115 |    4217    5820 |  898  705 | 0.1756 0.1378
True      |     5115 |    4217    5820 |  898  705 | 0.1756 0.1378
Avg min percent off: 17.21%
Avg max percent off: 14.0%
Variance percent off: [7.48965601885841e-05, 3.000182670589013e-05]%
