  Len | Found Index | Measured | Expected |   Diff | Diff/Measured
------------------------------------------------------------------
    1 |           0 |       32 |       33 |      1 | 0.0312
    2 |          -1 |       61 |       63 |      2 | 0.0328
    3 |           0 |       32 |       33 |      1 | 0.0312
    4 |          -1 |       97 |      101 |      4 | 0.0412
    5 |          -1 |      115 |      120 |      5 | 0.0435
    6 |           5 |      122 |      128 |      6 | 0.0492
    7 |          -1 |      151 |      158 |      7 | 0.0464
    8 |          -1 |      169 |      177 |      8 | 0.0473
    9 |           2 |       68 |       71 |      3 | 0.0441
   10 |          -1 |      205 |      215 |     10 | 0.0488
   11 |          -1 |      223 |      234 |     11 | 0.0493
   12 |          -1 |      241 |      253 |     12 | 0.0498
   13 |          -1 |      259 |      272 |     13 | 0.0502
   14 |          -1 |      277 |      291 |     14 | 0.0505
   15 |           0 |       32 |       33 |      1 | 0.0312
   16 |          -1 |      313 |      329 |     16 | 0.0511
   17 |           9 |      194 |      204 |     10 | 0.0515
   18 |          12 |      248 |      261 |     13 | 0.0524
   19 |          -1 |      367 |      386 |     19 | 0.0518
   20 |          -1 |      385 |      405 |     20 | 0.0519
   21 |          -1 |      403 |      424 |     21 | 0.0521
   22 |           9 |      194 |      204 |     10 | 0.0515
   23 |          -1 |      439 |      462 |     23 | 0.0524
   24 |          -1 |      457 |      481 |     24 | 0.0525
   25 |          -1 |      475 |      500 |     25 | 0.0526
   26 |          -1 |      493 |      519 |     26 | 0.0527
   27 |          15 |      302 |      318 |     16 | 0.0530
   28 |          18 |      356 |      375 |     19 | 0.0534
   29 |          -1 |      547 |      576 |     29 | 0.0530
   30 |          23 |      446 |      470 |     24 | 0.0538
   31 |           9 |      194 |      204 |     10 | 0.0515
   32 |          -1 |      601 |      633 |     32 | 0.0532
   33 |           9 |      194 |      204 |     10 | 0.0515
   34 |          -1 |      637 |      671 |     34 | 0.0534
   35 |          -1 |      655 |      690 |     35 | 0.0534
   36 |          -1 |      673 |      709 |     36 | 0.0535
   37 |          -1 |      691 |      728 |     37 | 0.0535
   38 |           3 |       86 |       90 |      4 | 0.0465
   39 |          30 |      572 |      603 |     31 | 0.0542
   40 |          38 |      716 |      755 |     39 | 0.0545
   41 |          17 |      338 |      356 |     18 | 0.0533
   42 |          19 |      374 |      394 |     20 | 0.0535
   43 |          -1 |      799 |      842 |     43 | 0.0538
   44 |          -1 |      817 |      861 |     44 | 0.0539
   45 |          44 |      824 |      869 |     45 | 0.0546
   46 |          30 |      572 |      603 |     31 | 0.0542
   47 |          -1 |      871 |      918 |     47 | 0.0540
   48 |          -1 |      889 |      937 |     48 | 0.0540
   49 |          -1 |      907 |      956 |     49 | 0.0540
   50 |          43 |      806 |      850 |     44 | 0.0546
   51 |          -1 |      943 |      994 |     51 | 0.0541
   52 |          -1 |      961 |     1013 |     52 | 0.0541
   53 |          21 |      410 |      432 |     22 | 0.0537
   54 |          -1 |      997 |     1051 |     54 | 0.0542
   55 |          -1 |     1015 |     1070 |     55 | 0.0542
   56 |          16 |      320 |      337 |     17 | 0.0531
   57 |          51 |      950 |     1002 |     52 | 0.0547
   58 |          36 |      680 |      717 |     37 | 0.0544
   59 |          52 |      968 |     1021 |     53 | 0.0548
   60 |          42 |      788 |      831 |     43 | 0.0546
   61 |          38 |      716 |      755 |     39 | 0.0545
   62 |          47 |      878 |      926 |     48 | 0.0547
   63 |          -1 |     1159 |     1222 |     63 | 0.0544
   64 |          -1 |     1177 |     1241 |     64 | 0.0544
   65 |          -1 |     1195 |     1260 |     65 | 0.0544
   66 |          -1 |     1213 |     1279 |     66 | 0.0544
   67 |          -1 |     1231 |     1298 |     67 | 0.0544
   68 |          43 |      806 |      850 |     44 | 0.0546
   69 |          53 |      986 |     1040 |     54 | 0.0548
   70 |          -1 |     1285 |     1355 |     70 | 0.0545
   71 |          -1 |     1303 |     1374 |     71 | 0.0545
   72 |          26 |      500 |      527 |     27 | 0.0540
   73 |          -1 |     1339 |     1412 |     73 | 0.0545
   74 |          -1 |     1357 |     1431 |     74 | 0.0545
   75 |          -1 |     1375 |     1450 |     75 | 0.0545
   76 |          40 |      752 |      793 |     41 | 0.0545
   77 |          44 |      824 |      869 |     45 | 0.0546
   78 |          26 |      500 |      527 |     27 | 0.0540
   79 |          -1 |     1447 |     1526 |     79 | 0.0546
   80 |          -1 |     1465 |     1545 |     80 | 0.0546
   81 |          -1 |     1483 |     1564 |     81 | 0.0546
   82 |          54 |     1004 |     1059 |     55 | 0.0548
   83 |          60 |     1112 |     1173 |     61 | 0.0549
   84 |          75 |     1382 |     1458 |     76 | 0.0550
   85 |          38 |      716 |      755 |     39 | 0.0545
   86 |          -1 |     1573 |     1659 |     86 | 0.0547
   87 |          -1 |     1591 |     1678 |     87 | 0.0547
   88 |          24 |      464 |      489 |     25 | 0.0539
   89 |          -1 |     1627 |     1716 |     89 | 0.0547
   90 |          12 |      248 |      261 |     13 | 0.0524
   91 |          19 |      374 |      394 |     20 | 0.0535
   92 |          89 |     1634 |     1724 |     90 | 0.0551
   93 |          86 |     1580 |     1667 |     87 | 0.0551
   94 |          22 |      428 |      451 |     23 | 0.0537
   95 |          47 |      878 |      926 |     48 | 0.0547
   96 |          -1 |     1753 |     1849 |     96 | 0.0548
   97 |          -1 |     1771 |     1868 |     97 | 0.0548
   98 |          -1 |     1789 |     1887 |     98 | 0.0548
   99 |          83 |     1526 |     1610 |     84 | 0.0550
  100 |          -1 |     1825 |     1925 |    100 | 0.0548
  101 |          -1 |     1843 |     1944 |    101 | 0.0548
  102 |          43 |      806 |      850 |     44 | 0.0546
  103 |          58 |     1076 |     1135 |     59 | 0.0548
  104 |          54 |     1004 |     1059 |     55 | 0.0548
  105 |          37 |      698 |      736 |     38 | 0.0544
  106 |          -1 |     1933 |     2039 |    106 | 0.0548
  107 |          -1 |     1951 |     2058 |    107 | 0.0548
  108 |          -1 |     1969 |     2077 |    108 | 0.0549
  109 |          -1 |     1987 |     2096 |    109 | 0.0549
  110 |          -1 |     2005 |     2115 |    110 | 0.0549
  111 |          56 |     1040 |     1097 |     57 | 0.0548
  112 |          39 |      734 |      774 |     40 | 0.0545
  113 |           1 |       50 |       52 |      2 | 0.0400
  114 |          -1 |     2077 |     2191 |    114 | 0.0549
  115 |          -1 |     2095 |     2210 |    115 | 0.0549
  116 |          91 |     1670 |     1762 |     92 | 0.0551
  117 |          23 |      446 |      470 |     24 | 0.0538
  118 |          43 |      806 |      850 |     44 | 0.0546
  119 |          -1 |     2167 |     2286 |    119 | 0.0549
  120 |          82 |     1508 |     1591 |     83 | 0.0550
  121 |          77 |     1418 |     1496 |     78 | 0.0550
  122 |          89 |     1634 |     1724 |     90 | 0.0551
  123 |          -1 |     2239 |     2362 |    123 | 0.0549
  124 |          -1 |     2257 |     2381 |    124 | 0.0549
  125 |          -1 |     2275 |     2400 |    125 | 0.0549
  126 |          -1 |     2293 |     2419 |    126 | 0.0549
  127 |          -1 |     2311 |     2438 |    127 | 0.0550
  128 |          -1 |     2329 |     2457 |    128 | 0.0550
  129 |          62 |     1148 |     1211 |     63 | 0.0549
  130 |          -1 |     2365 |     2495 |    130 | 0.0550
  131 |          -1 |     2383 |     2514 |    131 | 0.0550
  132 |          -1 |     2401 |     2533 |    132 | 0.0550
  133 |          52 |      968 |     1021 |     53 | 0.0548
  134 |         123 |     2246 |     2370 |    124 | 0.0552
  135 |           4 |      104 |      109 |      5 | 0.0481
  136 |         109 |     1994 |     2104 |    110 | 0.0552
  137 |          -1 |     2491 |     2628 |    137 | 0.0550
  138 |          -1 |     2509 |     2647 |    138 | 0.0550
  139 |         105 |     1922 |     2028 |    106 | 0.0552
  140 |          21 |      410 |      432 |     22 | 0.0537
  141 |          -1 |     2563 |     2704 |    141 | 0.0550
  142 |          -1 |     2581 |     2723 |    142 | 0.0550
  143 |          -1 |     2599 |     2742 |    143 | 0.0550
  144 |          -1 |     2617 |     2761 |    144 | 0.0550
  145 |         110 |     2012 |     2123 |    111 | 0.0552
  146 |          -1 |     2653 |     2799 |    146 | 0.0550
  147 |          -1 |     2671 |     2818 |    147 | 0.0550
  148 |          81 |     1490 |     1572 |     82 | 0.0550
  149 |          11 |      230 |      242 |     12 | 0.0522
  150 |          -1 |     2725 |     2875 |    150 | 0.0550
  151 |          81 |     1490 |     1572 |     82 | 0.0550
  152 |          -1 |     2761 |     2913 |    152 | 0.0551
  153 |         137 |     2498 |     2636 |    138 | 0.0552
  154 |          -1 |     2797 |     2951 |    154 | 0.0551
  155 |          -1 |     2815 |     2970 |    155 | 0.0551
  156 |          -1 |     2833 |     2989 |    156 | 0.0551
  157 |          -1 |     2851 |     3008 |    157 | 0.0551
  158 |          93 |     1706 |     1800 |     94 | 0.0551
  159 |          -1 |     2887 |     3046 |    159 | 0.0551
  160 |          -1 |     2905 |     3065 |    160 | 0.0551
  161 |          -1 |     2923 |     3084 |    161 | 0.0551
  162 |         137 |     2498 |     2636 |    138 | 0.0552
  163 |          -1 |     2959 |     3122 |    163 | 0.0551
  164 |           0 |       32 |       33 |      1 | 0.0312
  165 |          72 |     1328 |     1401 |     73 | 0.0550
  166 |          -1 |     3013 |     3179 |    166 | 0.0551
  167 |          -1 |     3031 |     3198 |    167 | 0.0551
  168 |          -1 |     3049 |     3217 |    168 | 0.0551
  169 |         133 |     2426 |     2560 |    134 | 0.0552
  170 |          -1 |     3085 |     3255 |    170 | 0.0551
  171 |         137 |     2498 |     2636 |    138 | 0.0552
  172 |         153 |     2786 |     2940 |    154 | 0.0553
  173 |          -1 |     3139 |     3312 |    173 | 0.0551
  174 |          -1 |     3157 |     3331 |    174 | 0.0551
  175 |          -1 |     3175 |     3350 |    175 | 0.0551
  176 |          -1 |     3193 |     3369 |    176 | 0.0551
  177 |         158 |     2876 |     3035 |    159 | 0.0553
  178 |          -1 |     3229 |     3407 |    178 | 0.0551
  179 |         164 |     2984 |     3149 |    165 | 0.0553
  180 |          -1 |     3265 |     3445 |    180 | 0.0551
  181 |          95 |     1742 |     1838 |     96 | 0.0551
  182 |          -1 |     3301 |     3483 |    182 | 0.0551
  183 |         138 |     2516 |     2655 |    139 | 0.0552
  184 |          -1 |     3337 |     3521 |    184 | 0.0551
  185 |          -1 |     3355 |     3540 |    185 | 0.0551
  186 |          -1 |     3373 |     3559 |    186 | 0.0551
  187 |          -1 |     3391 |     3578 |    187 | 0.0551
  188 |          -1 |     3409 |     3597 |    188 | 0.0551
  189 |           5 |      122 |      128 |      6 | 0.0492
  190 |           0 |       32 |       33 |      1 | 0.0312
  191 |          84 |     1544 |     1629 |     85 | 0.0551
  192 |         126 |     2300 |     2427 |    127 | 0.0552
  193 |          74 |     1364 |     1439 |     75 | 0.0550
  194 |          -1 |     3517 |     3711 |    194 | 0.0552
  195 |          84 |     1544 |     1629 |     85 | 0.0551
  196 |          -1 |     3553 |     3749 |    196 | 0.0552
  197 |          -1 |     3571 |     3768 |    197 | 0.0552
  198 |         136 |     2480 |     2617 |    137 | 0.0552
  199 |          -1 |     3607 |     3806 |    199 | 0.0552
  200 |         165 |     3002 |     3168 |    166 | 0.0553
  201 |          19 |      374 |      394 |     20 | 0.0535
  202 |          -1 |     3661 |     3863 |    202 | 0.0552
  203 |          27 |      518 |      546 |     28 | 0.0541
  204 |          51 |      950 |     1002 |     52 | 0.0547
  205 |         143 |     2606 |     2750 |    144 | 0.0553
  206 |          44 |      824 |      869 |     45 | 0.0546
  207 |           9 |      194 |      204 |     10 | 0.0515
  208 |          -1 |     3769 |     3977 |    208 | 0.0552
  209 |          46 |      860 |      907 |     47 | 0.0547
  210 |          -1 |     3805 |     4015 |    210 | 0.0552
  211 |          57 |     1058 |     1116 |     58 | 0.0548
  212 |          -1 |     3841 |     4053 |    212 | 0.0552
  213 |          57 |     1058 |     1116 |     58 | 0.0548
  214 |          -1 |     3877 |     4091 |    214 | 0.0552
  215 |         214 |     3884 |     4099 |    215 | 0.0554
  216 |          72 |     1328 |     1401 |     73 | 0.0550
  217 |          64 |     1184 |     1249 |     65 | 0.0549
  218 |         140 |     2552 |     2693 |    141 | 0.0553
  219 |         145 |     2642 |     2788 |    146 | 0.0553
  220 |          -1 |     3985 |     4205 |    220 | 0.0552
  221 |          -1 |     4003 |     4224 |    221 | 0.0552
  222 |          -1 |     4021 |     4243 |    222 | 0.0552
  223 |          -1 |     4039 |     4262 |    223 | 0.0552
  224 |          -1 |     4057 |     4281 |    224 | 0.0552
  225 |         106 |     1940 |     2047 |    107 | 0.0552
  226 |         196 |     3560 |     3757 |    197 | 0.0553
  227 |          -1 |     4111 |     4338 |    227 | 0.0552
  228 |         136 |     2480 |     2617 |    137 | 0.0552
  229 |          -1 |     4147 |     4376 |    229 | 0.0552
  230 |          -1 |     4165 |     4395 |    230 | 0.0552
  231 |          -1 |     4183 |     4414 |    231 | 0.0552
  232 |          -1 |     4201 |     4433 |    232 | 0.0552
  233 |          -1 |     4219 |     4452 |    233 | 0.0552
  234 |          -1 |     4237 |     4471 |    234 | 0.0552
  235 |          75 |     1382 |     1458 |     76 | 0.0550
  236 |         143 |     2606 |     2750 |    144 | 0.0553
  237 |          -1 |     4291 |     4528 |    237 | 0.0552
  238 |         164 |     2984 |     3149 |    165 | 0.0553
  239 |         207 |     3758 |     3966 |    208 | 0.0553
  240 |          82 |     1508 |     1591 |     83 | 0.0550
  241 |          -1 |     4363 |     4604 |    241 | 0.0552
  242 |         137 |     2498 |     2636 |    138 | 0.0552
  243 |          52 |      968 |     1021 |     53 | 0.0548
  244 |          -1 |     4417 |     4661 |    244 | 0.0552
  245 |          12 |      248 |      261 |     13 | 0.0524
  246 |          77 |     1418 |     1496 |     78 | 0.0550
  247 |         194 |     3524 |     3719 |    195 | 0.0553
  248 |         111 |     2030 |     2142 |    112 | 0.0552
  249 |         113 |     2066 |     2180 |    114 | 0.0552
  250 |          48 |      896 |      945 |     49 | 0.0547
  251 |         240 |     4352 |     4593 |    241 | 0.0554
  252 |         187 |     3398 |     3586 |    188 | 0.0553
  253 |         216 |     3920 |     4137 |    217 | 0.0554
  254 |         192 |     3488 |     3681 |    193 | 0.0553
  255 |          -1 |     4615 |     4870 |    255 | 0.0553
  256 |          -1 |     4633 |     4889 |    256 | 0.0553
  257 |         189 |     3434 |     3624 |    190 | 0.0553
  258 |         153 |     2786 |     2940 |    154 | 0.0553
  259 |          -1 |     4687 |     4946 |    259 | 0.0553
  260 |          92 |     1688 |     1781 |     93 | 0.0551
  261 |          -1 |     4723 |     4984 |    261 | 0.0553
  262 |         214 |     3884 |     4099 |    215 | 0.0554
  263 |         219 |     3974 |     4194 |    220 | 0.0554
  264 |         181 |     3290 |     3472 |    182 | 0.0553
  265 |         254 |     4604 |     4859 |    255 | 0.0554
  266 |         188 |     3416 |     3605 |    189 | 0.0553
  267 |          64 |     1184 |     1249 |     65 | 0.0549
  268 |          -1 |     4849 |     5117 |    268 | 0.0553
  269 |         197 |     3578 |     3776 |    198 | 0.0553
  270 |         122 |     2228 |     2351 |    123 | 0.0552
  271 |         258 |     4676 |     4935 |    259 | 0.0554
  272 |         148 |     2696 |     2845 |    149 | 0.0553
  273 |          -1 |     4939 |     5212 |    273 | 0.0553
  274 |          -1 |     4957 |     5231 |    274 | 0.0553
  275 |          -1 |     4975 |     5250 |    275 | 0.0553
  276 |          -1 |     4993 |     5269 |    276 | 0.0553
  277 |         269 |     4874 |     5144 |    270 | 0.0554
  278 |          -1 |     5029 |     5307 |    278 | 0.0553
  279 |          56 |     1040 |     1097 |     57 | 0.0548
  280 |         237 |     4298 |     4536 |    238 | 0.0554
  281 |          -1 |     5083 |     5364 |    281 | 0.0553
  282 |         126 |     2300 |     2427 |    127 | 0.0552
  283 |          -1 |     5119 |     5402 |    283 | 0.0553
  284 |         204 |     3704 |     3909 |    205 | 0.0553
  285 |          -1 |     5155 |     5440 |    285 | 0.0553
  286 |          -1 |     5173 |     5459 |    286 | 0.0553
  287 |          -1 |     5191 |     5478 |    287 | 0.0553
  288 |          -1 |     5209 |     5497 |    288 | 0.0553
  289 |          -1 |     5227 |     5516 |    289 | 0.0553
  290 |          -1 |     5245 |     5535 |    290 | 0.0553
  291 |          -1 |     5263 |     5554 |    291 | 0.0553
  292 |          -1 |     5281 |     5573 |    292 | 0.0553
  293 |         190 |     3452 |     3643 |    191 | 0.0553
  294 |         176 |     3200 |     3377 |    177 | 0.0553
  295 |         209 |     3794 |     4004 |    210 | 0.0554
  296 |          -1 |     5353 |     5649 |    296 | 0.0553
  297 |          -1 |     5371 |     5668 |    297 | 0.0553
  298 |          56 |     1040 |     1097 |     57 | 0.0548
  299 |         174 |     3164 |     3339 |    175 | 0.0553
  300 |          -1 |     5425 |     5725 |    300 | 0.0553
  301 |         129 |     2354 |     2484 |    130 | 0.0552
  302 |          -1 |     5461 |     5763 |    302 | 0.0553
  303 |          -1 |     5479 |     5782 |    303 | 0.0553
  304 |         203 |     3686 |     3890 |    204 | 0.0553
  305 |          25 |      482 |      508 |     26 | 0.0539
  306 |          55 |     1022 |     1078 |     56 | 0.0548
  307 |          -1 |     5551 |     5858 |    307 | 0.0553
  308 |         174 |     3164 |     3339 |    175 | 0.0553
  309 |          -1 |     5587 |     5896 |    309 | 0.0553
  310 |         233 |     4226 |     4460 |    234 | 0.0554
  311 |         259 |     4694 |     4954 |    260 | 0.0554
  312 |          -1 |     5641 |     5953 |    312 | 0.0553
  313 |          28 |      536 |      565 |     29 | 0.0541
  314 |         225 |     4082 |     4308 |    226 | 0.0554
  315 |         306 |     5540 |     5847 |    307 | 0.0554
  316 |          -1 |     5713 |     6029 |    316 | 0.0553
  317 |          -1 |     5731 |     6048 |    317 | 0.0553
  318 |         180 |     3272 |     3453 |    181 | 0.0553
  319 |          32 |      608 |      641 |     33 | 0.0543
  320 |          -1 |     5785 |     6105 |    320 | 0.0553
  321 |          -1 |     5803 |     6124 |    321 | 0.0553
  322 |          -1 |     5821 |     6143 |    322 | 0.0553
  323 |         317 |     5738 |     6056 |    318 | 0.0554
  324 |         252 |     4568 |     4821 |    253 | 0.0554
  325 |         317 |     5738 |     6056 |    318 | 0.0554
  326 |         315 |     5702 |     6018 |    316 | 0.0554
  327 |          -1 |     5911 |     6238 |    327 | 0.0553
  328 |          -1 |     5929 |     6257 |    328 | 0.0553
  329 |          -1 |     5947 |     6276 |    329 | 0.0553
  330 |         196 |     3560 |     3757 |    197 | 0.0553
  331 |          -1 |     5983 |     6314 |    331 | 0.0553
  332 |         325 |     5882 |     6208 |    326 | 0.0554
  333 |         204 |     3704 |     3909 |    205 | 0.0553
  334 |          -1 |     6037 |     6371 |    334 | 0.0553
  335 |          -1 |     6055 |     6390 |    335 | 0.0553
  336 |          -1 |     6073 |     6409 |    336 | 0.0553
  337 |          -1 |     6091 |     6428 |    337 | 0.0553
  338 |         204 |     3704 |     3909 |    205 | 0.0553
  339 |          -1 |     6127 |     6466 |    339 | 0.0553
  340 |          35 |      662 |      698 |     36 | 0.0544
  341 |          -1 |     6163 |     6504 |    341 | 0.0553
  342 |          -1 |     6181 |     6523 |    342 | 0.0553
  343 |         142 |     2588 |     2731 |    143 | 0.0553
  344 |          -1 |     6217 |     6561 |    344 | 0.0553
  345 |          -1 |     6235 |     6580 |    345 | 0.0553
  346 |          -1 |     6253 |     6599 |    346 | 0.0553
  347 |         334 |     6044 |     6379 |    335 | 0.0554
  348 |         148 |     2696 |     2845 |    149 | 0.0553
  349 |         319 |     5774 |     6094 |    320 | 0.0554
  350 |         157 |     2858 |     3016 |    158 | 0.0553
  351 |          97 |     1778 |     1876 |     98 | 0.0551
  352 |          -1 |     6361 |     6713 |    352 | 0.0553
  353 |          99 |     1814 |     1914 |    100 | 0.0551
  354 |         107 |     1958 |     2066 |    108 | 0.0552
  355 |          -1 |     6415 |     6770 |    355 | 0.0553
  356 |         140 |     2552 |     2693 |    141 | 0.0553
  357 |          57 |     1058 |     1116 |     58 | 0.0548
  358 |          48 |      896 |      945 |     49 | 0.0547
  359 |          21 |      410 |      432 |     22 | 0.0537
  360 |          30 |      572 |      603 |     31 | 0.0542
  361 |         208 |     3776 |     3985 |    209 | 0.0553
  362 |         346 |     6260 |     6607 |    347 | 0.0554
  363 |          -1 |     6559 |     6922 |    363 | 0.0553
  364 |          -1 |     6577 |     6941 |    364 | 0.0553
  365 |          58 |     1076 |     1135 |     59 | 0.0548
  366 |         153 |     2786 |     2940 |    154 | 0.0553
  367 |          -1 |     6631 |     6998 |    367 | 0.0553
  368 |          -1 |     6649 |     7017 |    368 | 0.0553
  369 |          -1 |     6667 |     7036 |    369 | 0.0553
  370 |          21 |      410 |      432 |     22 | 0.0537
  371 |         138 |     2516 |     2655 |    139 | 0.0552
  372 |          -1 |     6721 |     7093 |    372 | 0.0553
  373 |           8 |      176 |      185 |      9 | 0.0511
  374 |         184 |     3344 |     3529 |    185 | 0.0553
  375 |         154 |     2804 |     2959 |    155 | 0.0553
  376 |         121 |     2210 |     2332 |    122 | 0.0552
  377 |          -1 |     6811 |     7188 |    377 | 0.0554
  378 |          -1 |     6829 |     7207 |    378 | 0.0554
  379 |         226 |     4100 |     4327 |    227 | 0.0554
  380 |          -1 |     6865 |     7245 |    380 | 0.0554
  381 |         152 |     2768 |     2921 |    153 | 0.0553
  382 |          -1 |     6901 |     7283 |    382 | 0.0554
  383 |          -1 |     6919 |     7302 |    383 | 0.0554
  384 |          -1 |     6937 |     7321 |    384 | 0.0554
  385 |          -1 |     6955 |     7340 |    385 | 0.0554
  386 |          -1 |     6973 |     7359 |    386 | 0.0554
  387 |         145 |     2642 |     2788 |    146 | 0.0553
  388 |          -1 |     7009 |     7397 |    388 | 0.0554
  389 |          -1 |     7027 |     7416 |    389 | 0.0554
  390 |          -1 |     7045 |     7435 |    390 | 0.0554
  391 |         377 |     6818 |     7196 |    378 | 0.0554
  392 |           1 |       50 |       52 |      2 | 0.0400
  393 |          -1 |     7099 |     7492 |    393 | 0.0554
  394 |          -1 |     7117 |     7511 |    394 | 0.0554
  395 |         382 |     6908 |     7291 |    383 | 0.0554
  396 |          65 |     1202 |     1268 |     66 | 0.0549
  397 |          -1 |     7171 |     7568 |    397 | 0.0554
  398 |         215 |     3902 |     4118 |    216 | 0.0554
  399 |          -1 |     7207 |     7606 |    399 | 0.0554
  400 |         351 |     6350 |     6702 |    352 | 0.0554
  401 |          12 |      248 |      261 |     13 | 0.0524
  402 |         156 |     2840 |     2997 |    157 | 0.0553
  403 |         371 |     6710 |     7082 |    372 | 0.0554
  404 |         193 |     3506 |     3700 |    194 | 0.0553
  405 |          -1 |     7315 |     7720 |    405 | 0.0554
  406 |         302 |     5468 |     5771 |    303 | 0.0554
  407 |         134 |     2444 |     2579 |    135 | 0.0552
  408 |         293 |     5306 |     5600 |    294 | 0.0554
  409 |         333 |     6026 |     6360 |    334 | 0.0554
  410 |         361 |     6530 |     6892 |    362 | 0.0554
  411 |          -1 |     7423 |     7834 |    411 | 0.0554
  412 |         362 |     6548 |     6911 |    363 | 0.0554
  413 |          -1 |     7459 |     7872 |    413 | 0.0554
  414 |          -1 |     7477 |     7891 |    414 | 0.0554
  415 |         199 |     3614 |     3814 |    200 | 0.0553
  416 |         334 |     6044 |     6379 |    335 | 0.0554
  417 |         338 |     6116 |     6455 |    339 | 0.0554
  418 |          -1 |     7549 |     7967 |    418 | 0.0554
  419 |          42 |      788 |      831 |     43 | 0.0546
  420 |          -1 |     7585 |     8005 |    420 | 0.0554
  421 |          -1 |     7603 |     8024 |    421 | 0.0554
  422 |          -1 |     7621 |     8043 |    422 | 0.0554
  423 |          78 |     1436 |     1515 |     79 | 0.0550
  424 |          -1 |     7657 |     8081 |    424 | 0.0554
  425 |         353 |     6386 |     6740 |    354 | 0.0554
  426 |         358 |     6476 |     6835 |    359 | 0.0554
  427 |          -1 |     7711 |     8138 |    427 | 0.0554
  428 |         272 |     4928 |     5201 |    273 | 0.0554
  429 |          -1 |     7747 |     8176 |    429 | 0.0554
  430 |          -1 |     7765 |     8195 |    430 | 0.0554
  431 |         345 |     6242 |     6588 |    346 | 0.0554
  432 |         124 |     2264 |     2389 |    125 | 0.0552
  433 |          55 |     1022 |     1078 |     56 | 0.0548
  434 |         316 |     5720 |     6037 |    317 | 0.0554
  435 |         266 |     4820 |     5087 |    267 | 0.0554
  436 |          -1 |     7873 |     8309 |    436 | 0.0554
  437 |          94 |     1724 |     1819 |     95 | 0.0551
  438 |          57 |     1058 |     1116 |     58 | 0.0548
  439 |          -1 |     7927 |     8366 |    439 | 0.0554
  440 |          -1 |     7945 |     8385 |    440 | 0.0554
  441 |          -1 |     7963 |     8404 |    441 | 0.0554
  442 |         346 |     6260 |     6607 |    347 | 0.0554
  443 |         378 |     6836 |     7215 |    379 | 0.0554
  444 |         404 |     7304 |     7709 |    405 | 0.0554
  445 |         232 |     4208 |     4441 |    233 | 0.0554
  446 |         215 |     3902 |     4118 |    216 | 0.0554
  447 |         345 |     6242 |     6588 |    346 | 0.0554
  448 |          -1 |     8089 |     8537 |    448 | 0.0554
  449 |          -1 |     8107 |     8556 |    449 | 0.0554
  450 |          -1 |     8125 |     8575 |    450 | 0.0554
  451 |          -1 |     8143 |     8594 |    451 | 0.0554
  452 |          27 |      518 |      546 |     28 | 0.0541
  453 |           4 |      104 |      109 |      5 | 0.0481
  454 |          97 |     1778 |     1876 |     98 | 0.0551
  455 |         290 |     5252 |     5543 |    291 | 0.0554
  456 |          -1 |     8233 |     8689 |    456 | 0.0554
  457 |         435 |     7862 |     8298 |    436 | 0.0555
  458 |          62 |     1148 |     1211 |     63 | 0.0549
  459 |         212 |     3848 |     4061 |    213 | 0.0554
  460 |          -1 |     8305 |     8765 |    460 | 0.0554
  461 |         229 |     4154 |     4384 |    230 | 0.0554
  462 |          76 |     1400 |     1477 |     77 | 0.0550
  463 |          -1 |     8359 |     8822 |    463 | 0.0554
  464 |          -1 |     8377 |     8841 |    464 | 0.0554
  465 |         316 |     5720 |     6037 |    317 | 0.0554
  466 |          -1 |     8413 |     8879 |    466 | 0.0554
  467 |         115 |     2102 |     2218 |    116 | 0.0552
  468 |          -1 |     8449 |     8917 |    468 | 0.0554
  469 |          -1 |     8467 |     8936 |    469 | 0.0554
  470 |          -1 |     8485 |     8955 |    470 | 0.0554
  471 |          -1 |     8503 |     8974 |    471 | 0.0554
  472 |         420 |     7592 |     8013 |    421 | 0.0555
  473 |          39 |      734 |      774 |     40 | 0.0545
  474 |          28 |      536 |      565 |     29 | 0.0541
  475 |          -1 |     8575 |     9050 |    475 | 0.0554
  476 |         277 |     5018 |     5296 |    278 | 0.0554
  477 |          -1 |     8611 |     9088 |    477 | 0.0554
  478 |          -1 |     8629 |     9107 |    478 | 0.0554
  479 |          -1 |     8647 |     9126 |    479 | 0.0554
  480 |         369 |     6674 |     7044 |    370 | 0.0554
  481 |         382 |     6908 |     7291 |    383 | 0.0554
  482 |         349 |     6314 |     6664 |    350 | 0.0554
  483 |         399 |     7214 |     7614 |    400 | 0.0554
  484 |         100 |     1832 |     1933 |    101 | 0.0551
  485 |         149 |     2714 |     2864 |    150 | 0.0553
  486 |         437 |     7898 |     8336 |    438 | 0.0555
  487 |         412 |     7448 |     7861 |    413 | 0.0555
  488 |          -1 |     8809 |     9297 |    488 | 0.0554
  489 |         471 |     8510 |     8982 |    472 | 0.0555
  490 |           1 |       50 |       52 |      2 | 0.0400
  491 |          35 |      662 |      698 |     36 | 0.0544
  492 |          -1 |     8881 |     9373 |    492 | 0.0554
  493 |          -1 |     8899 |     9392 |    493 | 0.0554
  494 |          24 |      464 |      489 |     25 | 0.0539
  495 |         478 |     8636 |     9115 |    479 | 0.0555
  496 |         344 |     6224 |     6569 |    345 | 0.0554
  497 |         320 |     5792 |     6113 |    321 | 0.0554
  498 |          -1 |     8989 |     9487 |    498 | 0.0554
  499 |         107 |     1958 |     2066 |    108 | 0.0552
  500 |          -1 |     9025 |     9525 |    500 | 0.0554
  501 |          -1 |     9043 |     9544 |    501 | 0.0554
  502 |         107 |     1958 |     2066 |    108 | 0.0552
  503 |          -1 |     9079 |     9582 |    503 | 0.0554
  504 |         435 |     7862 |     8298 |    436 | 0.0555
  505 |         286 |     5180 |     5467 |    287 | 0.0554
  506 |           7 |      158 |      166 |      8 | 0.0506
  507 |         222 |     4028 |     4251 |    223 | 0.0554
  508 |          -1 |     9169 |     9677 |    508 | 0.0554
  509 |          78 |     1436 |     1515 |     79 | 0.0550
  510 |          -1 |     9205 |     9715 |    510 | 0.0554
  511 |         220 |     3992 |     4213 |    221 | 0.0554
  512 |          -1 |     9241 |     9753 |    512 | 0.0554
  513 |         172 |     3128 |     3301 |    173 | 0.0553
  514 |          -1 |     9277 |     9791 |    514 | 0.0554
  515 |          -1 |     9295 |     9810 |    515 | 0.0554
  516 |          -1 |     9313 |     9829 |    516 | 0.0554
  517 |          -1 |     9331 |     9848 |    517 | 0.0554
  518 |         106 |     1940 |     2047 |    107 | 0.0552
  519 |         192 |     3488 |     3681 |    193 | 0.0553
  520 |          -1 |     9385 |     9905 |    520 | 0.0554
  521 |          -1 |     9403 |     9924 |    521 | 0.0554
  522 |          72 |     1328 |     1401 |     73 | 0.0550
  523 |         186 |     3380 |     3567 |    187 | 0.0553
  524 |         221 |     4010 |     4232 |    222 | 0.0554
  525 |          -1 |     9475 |    10000 |    525 | 0.0554
  526 |         170 |     3092 |     3263 |    171 | 0.0553
  527 |         356 |     6440 |     6797 |    357 | 0.0554
  528 |          -1 |     9529 |    10057 |    528 | 0.0554
  529 |         208 |     3776 |     3985 |    209 | 0.0553
  530 |           5 |      122 |      128 |      6 | 0.0492
  531 |          33 |      626 |      660 |     34 | 0.0543
  532 |          -1 |     9601 |    10133 |    532 | 0.0554
  533 |          -1 |     9619 |    10152 |    533 | 0.0554
  534 |         486 |     8780 |     9267 |    487 | 0.0555
  535 |          -1 |     9655 |    10190 |    535 | 0.0554
  536 |         262 |     4748 |     5011 |    263 | 0.0554
  537 |         203 |     3686 |     3890 |    204 | 0.0553
  538 |          -1 |     9709 |    10247 |    538 | 0.0554
  539 |          -1 |     9727 |    10266 |    539 | 0.0554
  540 |          -1 |     9745 |    10285 |    540 | 0.0554
  541 |          -1 |     9763 |    10304 |    541 | 0.0554
  542 |          -1 |     9781 |    10323 |    542 | 0.0554
  543 |          -1 |     9799 |    10342 |    543 | 0.0554
  544 |          -1 |     9817 |    10361 |    544 | 0.0554
  545 |         222 |     4028 |     4251 |    223 | 0.0554
  546 |          35 |      662 |      698 |     36 | 0.0544
  547 |         533 |     9626 |    10160 |    534 | 0.0555
  548 |          -1 |     9889 |    10437 |    548 | 0.0554
  549 |         418 |     7556 |     7975 |    419 | 0.0555
  550 |         310 |     5612 |     5923 |    311 | 0.0554
  551 |          -1 |     9943 |    10494 |    551 | 0.0554
  552 |         163 |     2966 |     3130 |    164 | 0.0553
  553 |          -1 |     9979 |    10532 |    553 | 0.0554
  554 |          11 |      230 |      242 |     12 | 0.0522
  555 |          16 |      320 |      337 |     17 | 0.0531
  556 |          12 |      248 |      261 |     13 | 0.0524
  557 |         332 |     6008 |     6341 |    333 | 0.0554
  558 |         166 |     3020 |     3187 |    167 | 0.0553
  559 |         227 |     4118 |     4346 |    228 | 0.0554
  560 |         553 |     9986 |    10540 |    554 | 0.0555
  561 |          -1 |    10123 |    10684 |    561 | 0.0554
  562 |          -1 |    10141 |    10703 |    562 | 0.0554
  563 |         324 |     5864 |     6189 |    325 | 0.0554
  564 |          92 |     1688 |     1781 |     93 | 0.0551
  565 |          -1 |    10195 |    10760 |    565 | 0.0554
  566 |          -1 |    10213 |    10779 |    566 | 0.0554
  567 |          -1 |    10231 |    10798 |    567 | 0.0554
  568 |          -1 |    10249 |    10817 |    568 | 0.0554
  569 |          -1 |    10267 |    10836 |    569 | 0.0554
  570 |          -1 |    10285 |    10855 |    570 | 0.0554
  571 |          -1 |    10303 |    10874 |    571 | 0.0554
  572 |          -1 |    10321 |    10893 |    572 | 0.0554
  573 |          -1 |    10339 |    10912 |    573 | 0.0554
  574 |          -1 |    10357 |    10931 |    574 | 0.0554
  575 |         356 |     6440 |     6797 |    357 | 0.0554
  576 |         101 |     1850 |     1952 |    102 | 0.0551
  577 |         530 |     9572 |    10103 |    531 | 0.0555
  578 |          -1 |    10429 |    11007 |    578 | 0.0554
  579 |          -1 |    10447 |    11026 |    579 | 0.0554
  580 |          -1 |    10465 |    11045 |    580 | 0.0554
  581 |          -1 |    10483 |    11064 |    581 | 0.0554
  582 |          -1 |    10501 |    11083 |    582 | 0.0554
  583 |          -1 |    10519 |    11102 |    583 | 0.0554
  584 |          -1 |    10537 |    11121 |    584 | 0.0554
  585 |          -1 |    10555 |    11140 |    585 | 0.0554
  586 |          -1 |    10573 |    11159 |    586 | 0.0554
  587 |          -1 |    10591 |    11178 |    587 | 0.0554
  588 |          -1 |    10609 |    11197 |    588 | 0.0554
  589 |         212 |     3848 |     4061 |    213 | 0.0554
  590 |          -1 |    10645 |    11235 |    590 | 0.0554
  591 |          -1 |    10663 |    11254 |    591 | 0.0554
  592 |          -1 |    10681 |    11273 |    592 | 0.0554
  593 |          -1 |    10699 |    11292 |    593 | 0.0554
  594 |         142 |     2588 |     2731 |    143 | 0.0553
  595 |          -1 |    10735 |    11330 |    595 | 0.0554
  596 |          -1 |    10753 |    11349 |    596 | 0.0554
  597 |          -1 |    10771 |    11368 |    597 | 0.0554
  598 |          -1 |    10789 |    11387 |    598 | 0.0554
  599 |          38 |      716 |      755 |     39 | 0.0545
  600 |          -1 |    10825 |    11425 |    600 | 0.0554
  601 |         156 |     2840 |     2997 |    157 | 0.0553
  602 |         445 |     8042 |     8488 |    446 | 0.0555
  603 |          -1 |    10879 |    11482 |    603 | 0.0554
  604 |         249 |     4514 |     4764 |    250 | 0.0554
  605 |         251 |     4550 |     4802 |    252 | 0.0554
  606 |         561 |    10130 |    10692 |    562 | 0.0555
  607 |          -1 |    10951 |    11558 |    607 | 0.0554
  608 |          -1 |    10969 |    11577 |    608 | 0.0554
  609 |         477 |     8618 |     9096 |    478 | 0.0555
  610 |          -1 |    11005 |    11615 |    610 | 0.0554
  611 |         589 |    10634 |    11224 |    590 | 0.0555
  612 |          -1 |    11041 |    11653 |    612 | 0.0554
  613 |         189 |     3434 |     3624 |    190 | 0.0553
  614 |          -1 |    11077 |    11691 |    614 | 0.0554
  615 |           7 |      158 |      166 |      8 | 0.0506
  616 |          -1 |    11113 |    11729 |    616 | 0.0554
  617 |          -1 |    11131 |    11748 |    617 | 0.0554
  618 |         337 |     6098 |     6436 |    338 | 0.0554
  619 |          -1 |    11167 |    11786 |    619 | 0.0554
  620 |          -1 |    11185 |    11805 |    620 | 0.0554
  621 |          -1 |    11203 |    11824 |    621 | 0.0554
  622 |          -1 |    11221 |    11843 |    622 | 0.0554
  623 |          99 |     1814 |     1914 |    100 | 0.0551
  624 |          -1 |    11257 |    11881 |    624 | 0.0554
  625 |          -1 |    11275 |    11900 |    625 | 0.0554
  626 |          -1 |    11293 |    11919 |    626 | 0.0554
  627 |           8 |      176 |      185 |      9 | 0.0511
  628 |          -1 |    11329 |    11957 |    628 | 0.0554
  629 |          -1 |    11347 |    11976 |    629 | 0.0554
  630 |          -1 |    11365 |    11995 |    630 | 0.0554
  631 |         511 |     9230 |     9742 |    512 | 0.0555
  632 |          -1 |    11401 |    12033 |    632 | 0.0554
  633 |         306 |     5540 |     5847 |    307 | 0.0554
  634 |          -1 |    11437 |    12071 |    634 | 0.0554
  635 |         527 |     9518 |    10046 |    528 | 0.0555
  636 |          -1 |    11473 |    12109 |    636 | 0.0554
  637 |          -1 |    11491 |    12128 |    637 | 0.0554
  638 |         151 |     2750 |     2902 |    152 | 0.0553
  639 |         379 |     6854 |     7234 |    380 | 0.0554
  640 |          -1 |    11545 |    12185 |    640 | 0.0554
  641 |          -1 |    11563 |    12204 |    641 | 0.0554
  642 |          -1 |    11581 |    12223 |    642 | 0.0554
  643 |          -1 |    11599 |    12242 |    643 | 0.0554
  644 |         190 |     3452 |     3643 |    191 | 0.0553
  645 |          -1 |    11635 |    12280 |    645 | 0.0554
  646 |          -1 |    11653 |    12299 |    646 | 0.0554
  647 |          -1 |    11671 |    12318 |    647 | 0.0554
  648 |         448 |     8096 |     8545 |    449 | 0.0555
  649 |          -1 |    11707 |    12356 |    649 | 0.0554
  650 |         398 |     7196 |     7595 |    399 | 0.0554
  651 |          -1 |    11743 |    12394 |    651 | 0.0554
  652 |          -1 |    11761 |    12413 |    652 | 0.0554
  653 |         304 |     5504 |     5809 |    305 | 0.0554
  654 |          -1 |    11797 |    12451 |    654 | 0.0554
  655 |          -1 |    11815 |    12470 |    655 | 0.0554
  656 |          -1 |    11833 |    12489 |    656 | 0.0554
  657 |         231 |     4190 |     4422 |    232 | 0.0554
  658 |          -1 |    11869 |    12527 |    658 | 0.0554
  659 |         352 |     6368 |     6721 |    353 | 0.0554
  660 |          -1 |    11905 |    12565 |    660 | 0.0554
  661 |         536 |     9680 |    10217 |    537 | 0.0555
  662 |          -1 |    11941 |    12603 |    662 | 0.0554
  663 |          -1 |    11959 |    12622 |    663 | 0.0554
  664 |          -1 |    11977 |    12641 |    664 | 0.0554
  665 |          -1 |    11995 |    12660 |    665 | 0.0554
  666 |         112 |     2048 |     2161 |    113 | 0.0552
  667 |          -1 |    12031 |    12698 |    667 | 0.0554
  668 |         142 |     2588 |     2731 |    143 | 0.0553
  669 |          -1 |    12067 |    12736 |    669 | 0.0554
  670 |          -1 |    12085 |    12755 |    670 | 0.0554
  671 |         394 |     7124 |     7519 |    395 | 0.0554
  672 |         105 |     1922 |     2028 |    106 | 0.0552
  673 |          -1 |    12139 |    12812 |    673 | 0.0554
  674 |         287 |     5198 |     5486 |    288 | 0.0554
  675 |         244 |     4424 |     4669 |    245 | 0.0554
  676 |         603 |    10886 |    11490 |    604 | 0.0555
  677 |          -1 |    12211 |    12888 |    677 | 0.0554
  678 |          -1 |    12229 |    12907 |    678 | 0.0554
  679 |         501 |     9050 |     9552 |    502 | 0.0555
  680 |         671 |    12110 |    12782 |    672 | 0.0555
  681 |         114 |     2084 |     2199 |    115 | 0.0552
  682 |         214 |     3884 |     4099 |    215 | 0.0554
  683 |         256 |     4640 |     4897 |    257 | 0.0554
  684 |         135 |     2462 |     2598 |    136 | 0.0552
  685 |         241 |     4370 |     4612 |    242 | 0.0554
  686 |          -1 |    12373 |    13059 |    686 | 0.0554
  687 |         313 |     5666 |     5980 |    314 | 0.0554
  688 |         202 |     3668 |     3871 |    203 | 0.0553
  689 |          -1 |    12427 |    13116 |    689 | 0.0554
  690 |         125 |     2282 |     2408 |    126 | 0.0552
  691 |          -1 |    12463 |    13154 |    691 | 0.0554
  692 |         261 |     4730 |     4992 |    262 | 0.0554
  693 |          -1 |    12499 |    13192 |    693 | 0.0554
  694 |         322 |     5828 |     6151 |    323 | 0.0554
  695 |         631 |    11390 |    12022 |    632 | 0.0555
  696 |          -1 |    12553 |    13249 |    696 | 0.0554
  697 |          -1 |    12571 |    13268 |    697 | 0.0554
  698 |         277 |     5018 |     5296 |    278 | 0.0554
  699 |         626 |    11300 |    11927 |    627 | 0.0555
  700 |         558 |    10076 |    10635 |    559 | 0.0555
  701 |         612 |    11048 |    11661 |    613 | 0.0555
  702 |          83 |     1526 |     1610 |     84 | 0.0550
  703 |          -1 |    12679 |    13382 |    703 | 0.0554
  704 |         389 |     7034 |     7424 |    390 | 0.0554
  705 |         568 |    10256 |    10825 |    569 | 0.0555
  706 |         674 |    12164 |    12839 |    675 | 0.0555
  707 |         462 |     8348 |     8811 |    463 | 0.0555
  708 |          -1 |    12769 |    13477 |    708 | 0.0554
  709 |          -1 |    12787 |    13496 |    709 | 0.0554
  710 |         234 |     4244 |     4479 |    235 | 0.0554
  711 |          -1 |    12823 |    13534 |    711 | 0.0554
  712 |          -1 |    12841 |    13553 |    712 | 0.0554
  713 |          -1 |    12859 |    13572 |    713 | 0.0554
  714 |         398 |     7196 |     7595 |    399 | 0.0554
  715 |         554 |    10004 |    10559 |    555 | 0.0555
  716 |          -1 |    12913 |    13629 |    716 | 0.0554
  717 |          -1 |    12931 |    13648 |    717 | 0.0554
  718 |          -1 |    12949 |    13667 |    718 | 0.0554
  719 |         300 |     5432 |     5733 |    301 | 0.0554
  720 |         268 |     4856 |     5125 |    269 | 0.0554
  721 |          -1 |    13003 |    13724 |    721 | 0.0554
  722 |          -1 |    13021 |    13743 |    722 | 0.0554
  723 |          -1 |    13039 |    13762 |    723 | 0.0554
  724 |          -1 |    13057 |    13781 |    724 | 0.0554
  725 |         337 |     6098 |     6436 |    338 | 0.0554
  726 |          -1 |    13093 |    13819 |    726 | 0.0554
  727 |         591 |    10670 |    11262 |    592 | 0.0555
  728 |          -1 |    13129 |    13857 |    728 | 0.0554
  729 |          -1 |    13147 |    13876 |    729 | 0.0554
  730 |         666 |    12020 |    12687 |    667 | 0.0555
  731 |          -1 |    13183 |    13914 |    731 | 0.0555
  732 |          -1 |    13201 |    13933 |    732 | 0.0555
  733 |          14 |      284 |      299 |     15 | 0.0528
  734 |          -1 |    13237 |    13971 |    734 | 0.0555
  735 |         471 |     8510 |     8982 |    472 | 0.0555
  736 |          -1 |    13273 |    14009 |    736 | 0.0555
  737 |         649 |    11714 |    12364 |    650 | 0.0555
  738 |         450 |     8132 |     8583 |    451 | 0.0555
  739 |         551 |     9950 |    10502 |    552 | 0.0555
  740 |         161 |     2930 |     3092 |    162 | 0.0553
  741 |          -1 |    13363 |    14104 |    741 | 0.0555
  742 |          78 |     1436 |     1515 |     79 | 0.0550
  743 |          -1 |    13399 |    14142 |    743 | 0.0555
  744 |          61 |     1130 |     1192 |     62 | 0.0549
  745 |         244 |     4424 |     4669 |    245 | 0.0554
  746 |         482 |     8708 |     9191 |    483 | 0.0555
  747 |         624 |    11264 |    11889 |    625 | 0.0555
  748 |          -1 |    13489 |    14237 |    748 | 0.0555
  749 |         724 |    13064 |    13789 |    725 | 0.0555
  750 |          -1 |    13525 |    14275 |    750 | 0.0555
  751 |         611 |    11030 |    11642 |    612 | 0.0555
  752 |         556 |    10040 |    10597 |    557 | 0.0555
  753 |          -1 |    13579 |    14332 |    753 | 0.0555
  754 |         653 |    11786 |    12440 |    654 | 0.0555
  755 |          -1 |    13615 |    14370 |    755 | 0.0555
  756 |          -1 |    13633 |    14389 |    756 | 0.0555
  757 |         723 |    13046 |    13770 |    724 | 0.0555
  758 |         235 |     4262 |     4498 |    236 | 0.0554
  759 |         727 |    13118 |    13846 |    728 | 0.0555
  760 |         122 |     2228 |     2351 |    123 | 0.0552
  761 |         661 |    11930 |    12592 |    662 | 0.0555
  762 |          -1 |    13741 |    14503 |    762 | 0.0555
  763 |         749 |    13514 |    14264 |    750 | 0.0555
  764 |          36 |      680 |      717 |     37 | 0.0544
  765 |          -1 |    13795 |    14560 |    765 | 0.0555
  766 |          -1 |    13813 |    14579 |    766 | 0.0555
  767 |         263 |     4766 |     5030 |    264 | 0.0554
  768 |          -1 |    13849 |    14617 |    768 | 0.0555
  769 |          -1 |    13867 |    14636 |    769 | 0.0555
  770 |           4 |      104 |      109 |      5 | 0.0481
  771 |         620 |    11192 |    11813 |    621 | 0.0555
  772 |         116 |     2120 |     2237 |    117 | 0.0552
  773 |          -1 |    13939 |    14712 |    773 | 0.0555
  774 |          -1 |    13957 |    14731 |    774 | 0.0555
  775 |          -1 |    13975 |    14750 |    775 | 0.0555
  776 |          -1 |    13993 |    14769 |    776 | 0.0555
  777 |         704 |    12704 |    13409 |    705 | 0.0555
  778 |          -1 |    14029 |    14807 |    778 | 0.0555
  779 |         297 |     5378 |     5676 |    298 | 0.0554
  780 |         105 |     1922 |     2028 |    106 | 0.0552
  781 |         332 |     6008 |     6341 |    333 | 0.0554
  782 |          -1 |    14101 |    14883 |    782 | 0.0555
  783 |          -1 |    14119 |    14902 |    783 | 0.0555
  784 |          -1 |    14137 |    14921 |    784 | 0.0555
  785 |         107 |     1958 |     2066 |    108 | 0.0552
  786 |          -1 |    14173 |    14959 |    786 | 0.0555
  787 |         693 |    12506 |    13200 |    694 | 0.0555
  788 |         683 |    12326 |    13010 |    684 | 0.0555
  789 |         480 |     8672 |     9153 |    481 | 0.0555
  790 |         684 |    12344 |    13029 |    685 | 0.0555
  791 |          -1 |    14263 |    15054 |    791 | 0.0555
  792 |          38 |      716 |      755 |     39 | 0.0545
  793 |         569 |    10274 |    10844 |    570 | 0.0555
  794 |          -1 |    14317 |    15111 |    794 | 0.0555
  795 |          -1 |    14335 |    15130 |    795 | 0.0555
  796 |         614 |    11084 |    11699 |    615 | 0.0555
  797 |         494 |     8924 |     9419 |    495 | 0.0555
  798 |         145 |     2642 |     2788 |    146 | 0.0553
  799 |         658 |    11876 |    12535 |    659 | 0.0555
  800 |         601 |    10850 |    11452 |    602 | 0.0555
  801 |         509 |     9194 |     9704 |    510 | 0.0555
  802 |         497 |     8978 |     9476 |    498 | 0.0555
  803 |         586 |    10580 |    11167 |    587 | 0.0555
  804 |         765 |    13802 |    14568 |    766 | 0.0555
  805 |          -1 |    14515 |    15320 |    805 | 0.0555
  806 |          31 |      590 |      622 |     32 | 0.0542
  807 |         349 |     6314 |     6664 |    350 | 0.0554
  808 |         703 |    12686 |    13390 |    704 | 0.0555
  809 |          73 |     1346 |     1420 |     74 | 0.0550
  810 |          -1 |    14605 |    15415 |    810 | 0.0555
  811 |          79 |     1454 |     1534 |     80 | 0.0550
  812 |          -1 |    14641 |    15453 |    812 | 0.0555
  813 |          -1 |    14659 |    15472 |    813 | 0.0555
  814 |          -1 |    14677 |    15491 |    814 | 0.0555
  815 |          -1 |    14695 |    15510 |    815 | 0.0555
  816 |         757 |    13658 |    14416 |    758 | 0.0555
  817 |         813 |    14666 |    15480 |    814 | 0.0555
  818 |         408 |     7376 |     7785 |    409 | 0.0555
  819 |         605 |    10922 |    11528 |    606 | 0.0555
  820 |          -1 |    14785 |    15605 |    820 | 0.0555
  821 |          -1 |    14803 |    15624 |    821 | 0.0555
  822 |          -1 |    14821 |    15643 |    822 | 0.0555
  823 |         292 |     5288 |     5581 |    293 | 0.0554
  824 |          -1 |    14857 |    15681 |    824 | 0.0555
  825 |          -1 |    14875 |    15700 |    825 | 0.0555
  826 |         689 |    12434 |    13124 |    690 | 0.0555
  827 |          -1 |    14911 |    15738 |    827 | 0.0555
  828 |          -1 |    14929 |    15757 |    828 | 0.0555
  829 |          -1 |    14947 |    15776 |    829 | 0.0555
  830 |          20 |      392 |      413 |     21 | 0.0536
  831 |           6 |      140 |      147 |      7 | 0.0500
  832 |         413 |     7466 |     7880 |    414 | 0.0555
  833 |         829 |    14954 |    15784 |    830 | 0.0555
  834 |         132 |     2408 |     2541 |    133 | 0.0552
  835 |          -1 |    15055 |    15890 |    835 | 0.0555
  836 |          -1 |    15073 |    15909 |    836 | 0.0555
  837 |         404 |     7304 |     7709 |    405 | 0.0554
  838 |          -1 |    15109 |    15947 |    838 | 0.0555
  839 |         795 |    14342 |    15138 |    796 | 0.0555
  840 |         121 |     2210 |     2332 |    122 | 0.0552
  841 |          -1 |    15163 |    16004 |    841 | 0.0555
  842 |         680 |    12272 |    12953 |    681 | 0.0555
  843 |          -1 |    15199 |    16042 |    843 | 0.0555
  844 |         799 |    14414 |    15214 |    800 | 0.0555
  845 |         783 |    14126 |    14910 |    784 | 0.0555
  846 |          -1 |    15253 |    16099 |    846 | 0.0555
  847 |          -1 |    15271 |    16118 |    847 | 0.0555
  848 |         607 |    10958 |    11566 |    608 | 0.0555
  849 |          -1 |    15307 |    16156 |    849 | 0.0555
  850 |         224 |     4064 |     4289 |    225 | 0.0554
  851 |          -1 |    15343 |    16194 |    851 | 0.0555
  852 |         688 |    12416 |    13105 |    689 | 0.0555
  853 |         825 |    14882 |    15708 |    826 | 0.0555
  854 |          -1 |    15397 |    16251 |    854 | 0.0555
  855 |         780 |    14072 |    14853 |    781 | 0.0555
  856 |          -1 |    15433 |    16289 |    856 | 0.0555
  857 |          -1 |    15451 |    16308 |    857 | 0.0555
  858 |         793 |    14306 |    15100 |    794 | 0.0555
  859 |         847 |    15278 |    16126 |    848 | 0.0555
  860 |         411 |     7430 |     7842 |    412 | 0.0555
  861 |          -1 |    15523 |    16384 |    861 | 0.0555
  862 |         251 |     4550 |     4802 |    252 | 0.0554
  863 |          -1 |    15559 |    16422 |    863 | 0.0555
  864 |         236 |     4280 |     4517 |    237 | 0.0554
  865 |         604 |    10904 |    11509 |    605 | 0.0555
  866 |          -1 |    15613 |    16479 |    866 | 0.0555
  867 |          -1 |    15631 |    16498 |    867 | 0.0555
  868 |         642 |    11588 |    12231 |    643 | 0.0555
  869 |          -1 |    15667 |    16536 |    869 | 0.0555
  870 |          -1 |    15685 |    16555 |    870 | 0.0555
  871 |          -1 |    15703 |    16574 |    871 | 0.0555
  872 |           6 |      140 |      147 |      7 | 0.0500
  873 |         375 |     6782 |     7158 |    376 | 0.0554
  874 |          -1 |    15757 |    16631 |    874 | 0.0555
  875 |         326 |     5900 |     6227 |    327 | 0.0554
  876 |         271 |     4910 |     5182 |    272 | 0.0554
  877 |          -1 |    15811 |    16688 |    877 | 0.0555
  878 |         302 |     5468 |     5771 |    303 | 0.0554
  879 |          -1 |    15847 |    16726 |    879 | 0.0555
  880 |          -1 |    15865 |    16745 |    880 | 0.0555
  881 |          -1 |    15883 |    16764 |    881 | 0.0555
  882 |          -1 |    15901 |    16783 |    882 | 0.0555
  883 |          -1 |    15919 |    16802 |    883 | 0.0555
  884 |          -1 |    15937 |    16821 |    884 | 0.0555
  885 |          -1 |    15955 |    16840 |    885 | 0.0555
  886 |         653 |    11786 |    12440 |    654 | 0.0555
  887 |          -1 |    15991 |    16878 |    887 | 0.0555
  888 |         691 |    12470 |    13162 |    692 | 0.0555
  889 |         655 |    11822 |    12478 |    656 | 0.0555
  890 |         606 |    10940 |    11547 |    607 | 0.0555
  891 |         116 |     2120 |     2237 |    117 | 0.0552
  892 |         416 |     7520 |     7937 |    417 | 0.0555
  893 |         888 |    16016 |    16905 |    889 | 0.0555
  894 |          -1 |    16117 |    17011 |    894 | 0.0555
  895 |          -1 |    16135 |    17030 |    895 | 0.0555
  896 |         669 |    12074 |    12744 |    670 | 0.0555
  897 |         235 |     4262 |     4498 |    236 | 0.0554
  898 |         764 |    13784 |    14549 |    765 | 0.0555
  899 |          -1 |    16207 |    17106 |    899 | 0.0555
  900 |          -1 |    16225 |    17125 |    900 | 0.0555
  901 |          -1 |    16243 |    17144 |    901 | 0.0555
  902 |          -1 |    16261 |    17163 |    902 | 0.0555
  903 |          -1 |    16279 |    17182 |    903 | 0.0555
  904 |         436 |     7880 |     8317 |    437 | 0.0555
  905 |         507 |     9158 |     9666 |    508 | 0.0555
  906 |         105 |     1922 |     2028 |    106 | 0.0552
  907 |          50 |      932 |      983 |     51 | 0.0547
  908 |         267 |     4838 |     5106 |    268 | 0.0554
  909 |          -1 |    16387 |    17296 |    909 | 0.0555
  910 |         335 |     6062 |     6398 |    336 | 0.0554
  911 |         828 |    14936 |    15765 |    829 | 0.0555
  912 |         755 |    13622 |    14378 |    756 | 0.0555
  913 |         753 |    13586 |    14340 |    754 | 0.0555
  914 |          -1 |    16477 |    17391 |    914 | 0.0555
  915 |         646 |    11660 |    12307 |    647 | 0.0555
  916 |         894 |    16124 |    17019 |    895 | 0.0555
  917 |          -1 |    16531 |    17448 |    917 | 0.0555
  918 |          -1 |    16549 |    17467 |    918 | 0.0555
  919 |          -1 |    16567 |    17486 |    919 | 0.0555
  920 |          -1 |    16585 |    17505 |    920 | 0.0555
  921 |         228 |     4136 |     4365 |    229 | 0.0554
  922 |         725 |    13082 |    13808 |    726 | 0.0555
  923 |         477 |     8618 |     9096 |    478 | 0.0555
  924 |         107 |     1958 |     2066 |    108 | 0.0552
  925 |          -1 |    16675 |    17600 |    925 | 0.0555
  926 |         616 |    11120 |    11737 |    617 | 0.0555
  927 |         122 |     2228 |     2351 |    123 | 0.0552
  928 |          -1 |    16729 |    17657 |    928 | 0.0555
  929 |          13 |      266 |      280 |     14 | 0.0526
  930 |         614 |    11084 |    11699 |    615 | 0.0555
  931 |          -1 |    16783 |    17714 |    931 | 0.0555
  932 |          -1 |    16801 |    17733 |    932 | 0.0555
  933 |          -1 |    16819 |    17752 |    933 | 0.0555
  934 |         617 |    11138 |    11756 |    618 | 0.0555
  935 |          -1 |    16855 |    17790 |    935 | 0.0555
  936 |          -1 |    16873 |    17809 |    936 | 0.0555
  937 |          -1 |    16891 |    17828 |    937 | 0.0555
  938 |          -1 |    16909 |    17847 |    938 | 0.0555
  939 |          -1 |    16927 |    17866 |    939 | 0.0555
  940 |          -1 |    16945 |    17885 |    940 | 0.0555
  941 |          -1 |    16963 |    17904 |    941 | 0.0555
  942 |          -1 |    16981 |    17923 |    942 | 0.0555
  943 |          -1 |    16999 |    17942 |    943 | 0.0555
  944 |          -1 |    17017 |    17961 |    944 | 0.0555
  945 |          -1 |    17035 |    17980 |    945 | 0.0555
  946 |          -1 |    17053 |    17999 |    946 | 0.0555
  947 |         267 |     4838 |     5106 |    268 | 0.0554
  948 |          11 |      230 |      242 |     12 | 0.0522
  949 |          -1 |    17107 |    18056 |    949 | 0.0555
  950 |          -1 |    17125 |    18075 |    950 | 0.0555
  951 |          -1 |    17143 |    18094 |    951 | 0.0555
  952 |          -1 |    17161 |    18113 |    952 | 0.0555
  953 |          -1 |    17179 |    18132 |    953 | 0.0555
  954 |         717 |    12938 |    13656 |    718 | 0.0555
  955 |          -1 |    17215 |    18170 |    955 | 0.0555
  956 |          34 |      644 |      679 |     35 | 0.0543
  957 |         169 |     3074 |     3244 |    170 | 0.0553
  958 |          38 |      716 |      755 |     39 | 0.0545
  959 |         650 |    11732 |    12383 |    651 | 0.0555
  960 |          -1 |    17305 |    18265 |    960 | 0.0555
  961 |          -1 |    17323 |    18284 |    961 | 0.0555
  962 |         170 |     3092 |     3263 |    171 | 0.0553
  963 |          67 |     1238 |     1306 |     68 | 0.0549
  964 |          -1 |    17377 |    18341 |    964 | 0.0555
  965 |         818 |    14756 |    15575 |    819 | 0.0555
  966 |          -1 |    17413 |    18379 |    966 | 0.0555
  967 |          -1 |    17431 |    18398 |    967 | 0.0555
  968 |          -1 |    17449 |    18417 |    968 | 0.0555
  969 |         703 |    12686 |    13390 |    704 | 0.0555
  970 |         165 |     3002 |     3168 |    166 | 0.0553
  971 |         390 |     7052 |     7443 |    391 | 0.0554
  972 |          -1 |    17521 |    18493 |    972 | 0.0555
  973 |         911 |    16430 |    17342 |    912 | 0.0555
  974 |         141 |     2570 |     2712 |    142 | 0.0553
  975 |         770 |    13892 |    14663 |    771 | 0.0555
  976 |          -1 |    17593 |    18569 |    976 | 0.0555
  977 |          -1 |    17611 |    18588 |    977 | 0.0555
  978 |          -1 |    17629 |    18607 |    978 | 0.0555
  979 |          -1 |    17647 |    18626 |    979 | 0.0555
  980 |          -1 |    17665 |    18645 |    980 | 0.0555
  981 |          -1 |    17683 |    18664 |    981 | 0.0555
  982 |         457 |     8258 |     8716 |    458 | 0.0555
  983 |          -1 |    17719 |    18702 |    983 | 0.0555
  984 |          -1 |    17737 |    18721 |    984 | 0.0555
  985 |         506 |     9140 |     9647 |    507 | 0.0555
  986 |          -1 |    17773 |    18759 |    986 | 0.0555
  987 |         303 |     5486 |     5790 |    304 | 0.0554
  988 |         160 |     2912 |     3073 |    161 | 0.0553
  989 |          -1 |    17827 |    18816 |    989 | 0.0555
  990 |          -1 |    17845 |    18835 |    990 | 0.0555
  991 |         857 |    15458 |    16316 |    858 | 0.0555
  992 |         123 |     2246 |     2370 |    124 | 0.0552
  993 |          -1 |    17899 |    18892 |    993 | 0.0555
  994 |          67 |     1238 |     1306 |     68 | 0.0549
  995 |          -1 |    17935 |    18930 |    995 | 0.0555
  996 |          -1 |    17953 |    18949 |    996 | 0.0555
  997 |          -1 |    17971 |    18968 |    997 | 0.0555
  998 |         161 |     2930 |     3092 |    162 | 0.0553
  999 |          -1 |    18007 |    19006 |    999 | 0.0555
 1000 |         717 |    12938 |    13656 |    718 | 0.0555
Avg percent off: 5.48%
Variance percent off: 5.501795609606667e-06%
