  Len | Expected Min | Measured | Expected Max | Within Bounds | Diff Min | Diff Min % | Diff Max | Diff Max %
--------------------------------------------------------------------------------------------------------------
    1 |           47 |       43 |           47 | False         |        4 |       9.30 |        4 |       9.30
    2 |          123 |      124 |          135 | True          |        1 |       0.81 |       11 |       8.87
    3 |          251 |      243 |          287 | False         |        8 |       3.29 |       44 |      18.11
    4 |          431 |      440 |          503 | True          |        9 |       2.05 |       63 |      14.32
    5 |          663 |      694 |          783 | True          |       31 |       4.47 |       89 |      12.82
    6 |          947 |      963 |         1127 | True          |       16 |       1.66 |      164 |      17.03
    7 |         1283 |     1285 |         1535 | True          |        2 |       0.16 |      250 |      19.46
    8 |         1671 |     1774 |         2007 | True          |      103 |       5.81 |      233 |      13.13
    9 |         2111 |     2188 |         2543 | True          |       77 |       3.52 |      355 |      16.22
   10 |         2603 |     2660 |         3143 | True          |       57 |       2.14 |      483 |      18.16
   11 |         3147 |     3226 |         3807 | True          |       79 |       2.45 |      581 |      18.01
   12 |         3743 |     3892 |         4535 | True          |      149 |       3.83 |      643 |      16.52
   13 |         4391 |     4646 |         5327 | True          |      255 |       5.49 |      681 |      14.66
   14 |         5091 |     5386 |         6183 | True          |      295 |       5.48 |      797 |      14.80
   15 |         5843 |     5992 |         7103 | True          |      149 |       2.49 |     1111 |      18.54
   16 |         6647 |     7046 |         8087 | True          |      399 |       5.66 |     1041 |      14.77
   17 |         7503 |     7918 |         9135 | True          |      415 |       5.24 |     1217 |      15.37
   18 |         8411 |     8830 |        10247 | True          |      419 |       4.75 |     1417 |      16.05
   19 |         9371 |     9842 |        11423 | True          |      471 |       4.79 |     1581 |      16.06
   20 |        10383 |    10978 |        12663 | True          |      595 |       5.42 |     1685 |      15.35
   21 |        11447 |    11890 |        13967 | True          |      443 |       3.73 |     2077 |      17.47
   22 |        12563 |    13124 |        15335 | True          |      561 |       4.27 |     2211 |      16.85
   23 |        13731 |    14632 |        16767 | True          |      901 |       6.16 |     2135 |      14.59
   24 |        14951 |    15724 |        18263 | True          |      773 |       4.92 |     2539 |      16.15
   25 |        16223 |    17204 |        19823 | True          |      981 |       5.70 |     2619 |      15.22
   26 |        17547 |    18406 |        21447 | True          |      859 |       4.67 |     3041 |      16.52
   27 |        18923 |    19864 |        23135 | True          |      941 |       4.74 |     3271 |      16.47
   28 |        20351 |    21415 |        24887 | True          |     1064 |       4.97 |     3472 |      16.21
   29 |        21831 |    22834 |        26703 | True          |     1003 |       4.39 |     3869 |      16.94
   30 |        23363 |    24633 |        28583 | True          |     1270 |       5.16 |     3950 |      16.04
   31 |        24947 |    26126 |        30527 | True          |     1179 |       4.51 |     4401 |      16.85
   32 |        26583 |    27832 |        32535 | True          |     1249 |       4.49 |     4703 |      16.90
   33 |        28271 |    29518 |        34607 | True          |     1247 |       4.22 |     5089 |      17.24
   34 |        30011 |    31213 |        36743 | True          |     1202 |       3.85 |     5530 |      17.72
   35 |        31803 |    33178 |        38943 | True          |     1375 |       4.14 |     5765 |      17.38
   36 |        33647 |    35524 |        41207 | True          |     1877 |       5.28 |     5683 |      16.00
   37 |        35543 |    37550 |        43535 | True          |     2007 |       5.34 |     5985 |      15.94
   38 |        37491 |    39388 |        45927 | True          |     1897 |       4.82 |     6539 |      16.60
   39 |        39491 |    41698 |        48383 | True          |     2207 |       5.29 |     6685 |      16.03
   40 |        41543 |    43436 |        50903 | True          |     1893 |       4.36 |     7467 |      17.19
   41 |        43647 |    45922 |        53487 | True          |     2275 |       4.95 |     7565 |      16.47
   42 |        45803 |    47938 |        56135 | True          |     2135 |       4.45 |     8197 |      17.10
   43 |        48011 |    50702 |        58847 | True          |     2691 |       5.31 |     8145 |      16.06
   44 |        50271 |    52816 |        61623 | True          |     2545 |       4.82 |     8807 |      16.67
   45 |        52583 |    55042 |        64463 | True          |     2459 |       4.47 |     9421 |      17.12
   46 |        54947 |    57470 |        67367 | True          |     2523 |       4.39 |     9897 |      17.22
   47 |        57363 |    60568 |        70335 | True          |     3205 |       5.29 |     9767 |      16.13
   48 |        59831 |    63232 |        73367 | True          |     3401 |       5.38 |    10135 |      16.03
   49 |        62351 |    65690 |        76463 | True          |     3339 |       5.08 |    10773 |      16.40
   50 |        64923 |    68470 |        79623 | True          |     3547 |       5.18 |    11153 |      16.29
   51 |        67547 |    71278 |        82847 | True          |     3731 |       5.23 |    11569 |      16.23
   52 |        70223 |    74264 |        86135 | True          |     4041 |       5.44 |    11871 |      15.98
   53 |        72951 |    77026 |        89487 | True          |     4075 |       5.29 |    12461 |      16.18
   54 |        75731 |    80722 |        92903 | True          |     4991 |       6.18 |    12181 |      15.09
   55 |        78563 |    83114 |        96383 | True          |     4551 |       5.48 |    13269 |      15.96
   56 |        81447 |    85498 |        99927 | True          |     4051 |       4.74 |    14429 |      16.88
   57 |        84383 |    88924 |       103535 | True          |     4541 |       5.11 |    14611 |      16.43
   58 |        87371 |    90866 |       107207 | True          |     3495 |       3.85 |    16341 |      17.98
   59 |        90411 |    95296 |       110943 | True          |     4885 |       5.13 |    15647 |      16.42
   60 |        93503 |    97996 |       114743 | True          |     4493 |       4.58 |    16747 |      17.09
   61 |        96647 |   102098 |       118607 | True          |     5451 |       5.34 |    16509 |      16.17
   62 |        99843 |   105310 |       122535 | True          |     5467 |       5.19 |    17225 |      16.36
   63 |       103091 |   108310 |       126527 | True          |     5219 |       4.82 |    18217 |      16.82
   64 |       106391 |   112430 |       130583 | True          |     6039 |       5.37 |    18153 |      16.15
   65 |       109743 |   116530 |       134703 | True          |     6787 |       5.82 |    18173 |      15.60
   66 |       113147 |   119878 |       138887 | True          |     6731 |       5.61 |    19009 |      15.86
   67 |       116603 |   123650 |       143135 | True          |     7047 |       5.70 |    19485 |      15.76
   68 |       120111 |   128050 |       147447 | True          |     7939 |       6.20 |    19397 |      15.15
   69 |       123671 |   130480 |       151823 | True          |     6809 |       5.22 |    21343 |      16.36
   70 |       127283 |   135242 |       156263 | True          |     7959 |       5.89 |    21021 |      15.54
   71 |       130947 |   138364 |       160767 | True          |     7417 |       5.36 |    22403 |      16.19
   72 |       134663 |   141106 |       165335 | True          |     6443 |       4.57 |    24229 |      17.17
   73 |       138431 |   146870 |       169967 | True          |     8439 |       5.75 |    23097 |      15.73
   74 |       142251 |   151594 |       174663 | True          |     9343 |       6.16 |    23069 |      15.22
   75 |       146123 |   154696 |       179423 | True          |     8573 |       5.54 |    24727 |      15.98
   76 |       150047 |   157598 |       184247 | True          |     7551 |       4.79 |    26649 |      16.91
   77 |       154023 |   162964 |       189135 | True          |     8941 |       5.49 |    26171 |      16.06
   78 |       158051 |   166906 |       194087 | True          |     8855 |       5.31 |    27181 |      16.29
   79 |       162131 |   171140 |       199103 | True          |     9009 |       5.26 |    27963 |      16.34
   80 |       166263 |   176338 |       204183 | True          |    10075 |       5.71 |    27845 |      15.79
   81 |       170447 |   180502 |       209327 | True          |    10055 |       5.57 |    28825 |      15.97
   82 |       174683 |   184130 |       214535 | True          |     9447 |       5.13 |    30405 |      16.51
   83 |       178971 |   188602 |       219807 | True          |     9631 |       5.11 |    31205 |      16.55
   84 |       183311 |   192358 |       225143 | True          |     9047 |       4.70 |    32785 |      17.04
   85 |       187703 |   198974 |       230543 | True          |    11271 |       5.66 |    31569 |      15.87
   86 |       192147 |   203482 |       236007 | True          |    11335 |       5.57 |    32525 |      15.98
   87 |       196643 |   206626 |       241535 | True          |     9983 |       4.83 |    34909 |      16.89
   88 |       201191 |   212366 |       247127 | True          |    11175 |       5.26 |    34761 |      16.37
   89 |       205791 |   216994 |       252783 | True          |    11203 |       5.16 |    35789 |      16.49
   90 |       210443 |   222736 |       258503 | True          |    12293 |       5.52 |    35767 |      16.06
   91 |       215147 |   227162 |       264287 | True          |    12015 |       5.29 |    37125 |      16.34
   92 |       219903 |   231430 |       270135 | True          |    11527 |       4.98 |    38705 |      16.72
   93 |       224711 |   239890 |       276047 | True          |    15179 |       6.33 |    36157 |      15.07
   94 |       229571 |   243080 |       282023 | True          |    13509 |       5.56 |    38943 |      16.02
   95 |       234483 |   249040 |       288063 | True          |    14557 |       5.85 |    39023 |      15.67
   96 |       239447 |   252760 |       294167 | True          |    13313 |       5.27 |    41407 |      16.38
   97 |       244463 |   257966 |       300335 | True          |    13503 |       5.23 |    42369 |      16.42
   98 |       249531 |   264418 |       306567 | True          |    14887 |       5.63 |    42149 |      15.94
   99 |       254651 |   269230 |       312863 | True          |    14579 |       5.42 |    43633 |      16.21
  100 |       259823 |   273230 |       319223 | True          |    13407 |       4.91 |    45993 |      16.83
