
=== Processing find_in_list ===

In Bounds | Length  | Arguments                 | Measured | Min - Max       | Diffs           | Percent Off
True      |       1 |              [1, 0, 0, 0] |       19 |      17      25 |       2       6 | 0.1053 0.3158
True      |       2 |              [2, 0, 0, 0] |       19 |      17      25 |       2       6 | 0.1053 0.3158
True      |       3 |              [3, 1, 0, 0] |       41 |      36      51 |       5      10 | 0.122 0.2439
True      |       4 |              [4, 0, 0, 0] |       19 |      17      25 |       2       6 | 0.1053 0.3158
True      |       5 |             [5, -1, 0, 0] |      144 |     105     146 |      39       2 | 0.2708 0.0139
True      |       6 |             [6, -1, 0, 0] |      166 |     124     172 |      42       6 | 0.253 0.0361
True      |       7 |              [7, 1, 0, 0] |       41 |      36      51 |       5      10 | 0.122 0.2439
True      |       8 |             [8, -1, 0, 0] |      210 |     162     224 |      48      14 | 0.2286 0.0667
True      |       9 |             [9, -1, 0, 0] |      232 |     181     250 |      51      18 | 0.2198 0.0776
True      |      10 |            [10, -1, 0, 0] |      254 |     200     276 |      54      22 | 0.2126 0.0866
True      |      11 |            [11, 10, 0, 0] |      239 |     207     285 |      32      46 | 0.1339 0.1925
True      |      12 |            [12, -1, 0, 0] |      298 |     238     328 |      60      30 | 0.2013 0.1007
True      |      13 |             [13, 0, 0, 0] |       19 |      17      25 |       2       6 | 0.1053 0.3158
True      |      14 |            [14, -1, 0, 0] |      342 |     276     380 |      66      38 | 0.193 0.1111
True      |      15 |             [15, 9, 0, 0] |      217 |     188     259 |      29      42 | 0.1336 0.1935
True      |      16 |            [16, 10, 0, 0] |      239 |     207     285 |      32      46 | 0.1339 0.1925
True      |      17 |            [17, -1, 0, 0] |      408 |     333     458 |      75      50 | 0.1838 0.1225
True      |      18 |            [18, 12, 0, 0] |      283 |     245     337 |      38      54 | 0.1343 0.1908
True      |      19 |            [19, -1, 0, 0] |      452 |     371     510 |      81      58 | 0.1792 0.1283
True      |      20 |            [20, 18, 0, 0] |      415 |     359     493 |      56      78 | 0.1349 0.188
True      |      21 |            [21, -1, 0, 0] |      496 |     409     562 |      87      66 | 0.1754 0.1331
True      |      22 |            [22, -1, 0, 0] |      518 |     428     588 |      90      70 | 0.1737 0.1351
True      |      23 |            [23, -1, 0, 0] |      540 |     447     614 |      93      74 | 0.1722 0.137
True      |      24 |             [24, 7, 0, 0] |      173 |     150     207 |      23      34 | 0.1329 0.1965
True      |      25 |            [25, -1, 0, 0] |      584 |     485     666 |      99      82 | 0.1695 0.1404
True      |      26 |            [26, 14, 0, 0] |      327 |     283     389 |      44      62 | 0.1346 0.1896
True      |      27 |            [27, 25, 0, 0] |      569 |     492     675 |      77     106 | 0.1353 0.1863
True      |      28 |            [28, -1, 0, 0] |      650 |     542     744 |     108      94 | 0.1662 0.1446
True      |      29 |            [29, -1, 0, 0] |      672 |     561     770 |     111      98 | 0.1652 0.1458
True      |      30 |            [30, -1, 0, 0] |      694 |     580     796 |     114     102 | 0.1643 0.147
True      |      31 |            [31, -1, 0, 0] |      716 |     599     822 |     117     106 | 0.1634 0.148
True      |      32 |            [32, -1, 0, 0] |      738 |     618     848 |     120     110 | 0.1626 0.1491
True      |      33 |            [33, 18, 0, 0] |      415 |     359     493 |      56      78 | 0.1349 0.188
True      |      34 |            [34, 18, 0, 0] |      415 |     359     493 |      56      78 | 0.1349 0.188
True      |      35 |            [35, -1, 0, 0] |      804 |     675     926 |     129     122 | 0.1604 0.1517
True      |      36 |            [36, -1, 0, 0] |      826 |     694     952 |     132     126 | 0.1598 0.1525
True      |      37 |            [37, -1, 0, 0] |      848 |     713     978 |     135     130 | 0.1592 0.1533
True      |      38 |            [38, -1, 0, 0] |      870 |     732    1004 |     138     134 | 0.1586 0.154
True      |      39 |            [39, -1, 0, 0] |      892 |     751    1030 |     141     138 | 0.1581 0.1547
True      |      40 |            [40, 38, 0, 0] |      855 |     739    1013 |     116     158 | 0.1357 0.1848
True      |      41 |            [41, -1, 0, 0] |      936 |     789    1082 |     147     146 | 0.1571 0.156
True      |      42 |             [42, 0, 0, 0] |       19 |      17      25 |       2       6 | 0.1053 0.3158
True      |      43 |            [43, -1, 0, 0] |      980 |     827    1134 |     153     154 | 0.1561 0.1571
True      |      44 |            [44, -1, 0, 0] |     1002 |     846    1160 |     156     158 | 0.1557 0.1577
True      |      45 |            [45, 30, 0, 0] |      679 |     587     805 |      92     126 | 0.1355 0.1856
True      |      46 |            [46, 43, 0, 0] |      965 |     834    1143 |     131     178 | 0.1358 0.1845
True      |      47 |            [47, -1, 0, 0] |     1068 |     903    1238 |     165     170 | 0.1545 0.1592
True      |      48 |            [48, 44, 0, 0] |      987 |     853    1169 |     134     182 | 0.1358 0.1844
True      |      49 |            [49, 36, 0, 0] |      811 |     701     961 |     110     150 | 0.1356 0.185
True      |      50 |             [50, 3, 0, 0] |       85 |      74     103 |      11      18 | 0.1294 0.2118
True      |      51 |            [51, 16, 0, 0] |      371 |     321     441 |      50      70 | 0.1348 0.1887
True      |      52 |            [52, -1, 0, 0] |     1178 |     998    1368 |     180     190 | 0.1528 0.1613
True      |      53 |            [53, -1, 0, 0] |     1200 |    1017    1394 |     183     194 | 0.1525 0.1617
True      |      54 |            [54, 18, 0, 0] |      415 |     359     493 |      56      78 | 0.1349 0.188
True      |      55 |             [55, 8, 0, 0] |      195 |     169     233 |      26      38 | 0.1333 0.1949
True      |      56 |            [56, -1, 0, 0] |     1266 |    1074    1472 |     192     206 | 0.1517 0.1627
True      |      57 |            [57, 45, 0, 0] |     1009 |     872    1195 |     137     186 | 0.1358 0.1843
True      |      58 |            [58, -1, 0, 0] |     1310 |    1112    1524 |     198     214 | 0.1511 0.1634
True      |      59 |             [59, 0, 0, 0] |       19 |      17      25 |       2       6 | 0.1053 0.3158
True      |      60 |            [60, -1, 0, 0] |     1354 |    1150    1576 |     204     222 | 0.1507 0.164
True      |      61 |            [61, -1, 0, 0] |     1376 |    1169    1602 |     207     226 | 0.1504 0.1642
True      |      62 |            [62, 25, 0, 0] |      569 |     492     675 |      77     106 | 0.1353 0.1863
True      |      63 |            [63, -1, 0, 0] |     1420 |    1207    1654 |     213     234 | 0.15 0.1648
True      |      64 |            [64, -1, 0, 0] |     1442 |    1226    1680 |     216     238 | 0.1498 0.165
True      |      65 |            [65, 26, 0, 0] |      591 |     511     701 |      80     110 | 0.1354 0.1861
True      |      66 |            [66, 10, 0, 0] |      239 |     207     285 |      32      46 | 0.1339 0.1925
True      |      67 |            [67, 58, 0, 0] |     1295 |    1119    1533 |     176     238 | 0.1359 0.1838
True      |      68 |            [68, -1, 0, 0] |     1530 |    1302    1784 |     228     254 | 0.149 0.166
True      |      69 |            [69, 38, 0, 0] |      855 |     739    1013 |     116     158 | 0.1357 0.1848
True      |      70 |            [70, 36, 0, 0] |      811 |     701     961 |     110     150 | 0.1356 0.185
True      |      71 |             [71, 9, 0, 0] |      217 |     188     259 |      29      42 | 0.1336 0.1935
True      |      72 |            [72, -1, 0, 0] |     1618 |    1378    1888 |     240     270 | 0.1483 0.1669
True      |      73 |            [73, -1, 0, 0] |     1640 |    1397    1914 |     243     274 | 0.1482 0.1671
True      |      74 |            [74, 63, 0, 0] |     1405 |    1214    1663 |     191     258 | 0.1359 0.1836
True      |      75 |            [75, -1, 0, 0] |     1684 |    1435    1966 |     249     282 | 0.1479 0.1675
True      |      76 |             [76, 1, 0, 0] |       41 |      36      51 |       5      10 | 0.122 0.2439
True      |      77 |            [77, -1, 0, 0] |     1728 |    1473    2018 |     255     290 | 0.1476 0.1678
True      |      78 |            [78, -1, 0, 0] |     1750 |    1492    2044 |     258     294 | 0.1474 0.168
True      |      79 |            [79, -1, 0, 0] |     1772 |    1511    2070 |     261     298 | 0.1473 0.1682
True      |      80 |            [80, -1, 0, 0] |     1794 |    1530    2096 |     264     302 | 0.1472 0.1683
True      |      81 |            [81, 38, 0, 0] |      855 |     739    1013 |     116     158 | 0.1357 0.1848
True      |      82 |            [82, 74, 0, 0] |     1647 |    1423    1949 |     224     302 | 0.136 0.1834
True      |      83 |            [83, 81, 0, 0] |     1801 |    1556    2131 |     245     330 | 0.136 0.1832
True      |      84 |            [84, 37, 0, 0] |      833 |     720     987 |     113     154 | 0.1357 0.1849
True      |      85 |            [85, -1, 0, 0] |     1904 |    1625    2226 |     279     322 | 0.1465 0.1691
True      |      86 |            [86, -1, 0, 0] |     1926 |    1644    2252 |     282     326 | 0.1464 0.1693
True      |      87 |             [87, 0, 0, 0] |       19 |      17      25 |       2       6 | 0.1053 0.3158
True      |      88 |            [88, -1, 0, 0] |     1970 |    1682    2304 |     288     334 | 0.1462 0.1695
True      |      89 |            [89, -1, 0, 0] |     1992 |    1701    2330 |     291     338 | 0.1461 0.1697
True      |      90 |            [90, -1, 0, 0] |     2014 |    1720    2356 |     294     342 | 0.146 0.1698
True      |      91 |            [91, -1, 0, 0] |     2036 |    1739    2382 |     297     346 | 0.1459 0.1699
True      |      92 |            [92, -1, 0, 0] |     2058 |    1758    2408 |     300     350 | 0.1458 0.1701
True      |      93 |            [93, 32, 0, 0] |      723 |     625     857 |      98     134 | 0.1355 0.1853
True      |      94 |            [94, 89, 0, 0] |     1977 |    1708    2339 |     269     362 | 0.1361 0.1831
True      |      95 |            [95, -1, 0, 0] |     2124 |    1815    2486 |     309     362 | 0.1455 0.1704
True      |      96 |            [96, -1, 0, 0] |     2146 |    1834    2512 |     312     366 | 0.1454 0.1705
True      |      97 |            [97, -1, 0, 0] |     2168 |    1853    2538 |     315     370 | 0.1453 0.1707
True      |      98 |            [98, 16, 0, 0] |      371 |     321     441 |      50      70 | 0.1348 0.1887
True      |      99 |            [99, 52, 0, 0] |     1163 |    1005    1377 |     158     214 | 0.1359 0.184
True      |     100 |            [100, 1, 0, 0] |       41 |      36      51 |       5      10 | 0.122 0.2439
Avg min percent off: 14.81%
Avg max percent off: 17.72%

=== Processing insert_after_pos_in_list ===

True      |       1 |        [1, 1, 0, 1, 0, 0] |       36 |      30      42 |       6       6 | 0.1667 0.1667
True      |       2 |        [1, 1, 0, 2, 0, 0] |       36 |      30      42 |       6       6 | 0.1667 0.1667
True      |       3 |        [1, 1, 0, 3, 0, 0] |       36 |      30      42 |       6       6 | 0.1667 0.1667
True      |       4 |        [1, 1, 2, 4, 0, 0] |       72 |      62      84 |      10      12 | 0.1389 0.1667
True      |       5 |        [1, 1, 0, 5, 0, 0] |       36 |      30      42 |       6       6 | 0.1667 0.1667
True      |       6 |        [1, 1, 2, 6, 0, 0] |       72 |      62      84 |      10      12 | 0.1389 0.1667
True      |       7 |        [1, 1, 4, 7, 0, 0] |      108 |      94     126 |      14      18 | 0.1296 0.1667
True      |       8 |        [1, 1, 3, 8, 0, 0] |       90 |      78     105 |      12      15 | 0.1333 0.1667
True      |       9 |        [1, 1, 3, 9, 0, 0] |       90 |      78     105 |      12      15 | 0.1333 0.1667
True      |      10 |       [1, 1, 9, 10, 0, 0] |      198 |     174     231 |      24      33 | 0.1212 0.1667
True      |      11 |       [1, 1, 6, 11, 0, 0] |      144 |     126     168 |      18      24 | 0.125 0.1667
True      |      12 |       [1, 1, 9, 12, 0, 0] |      198 |     174     231 |      24      33 | 0.1212 0.1667
True      |      13 |       [1, 1, 4, 13, 0, 0] |      108 |      94     126 |      14      18 | 0.1296 0.1667
True      |      14 |       [1, 1, 7, 14, 0, 0] |      162 |     142     189 |      20      27 | 0.1235 0.1667
True      |      15 |       [1, 1, 4, 15, 0, 0] |      108 |      94     126 |      14      18 | 0.1296 0.1667
True      |      16 |       [1, 1, 3, 16, 0, 0] |       90 |      78     105 |      12      15 | 0.1333 0.1667
True      |      17 |       [1, 1, 8, 17, 0, 0] |      180 |     158     210 |      22      30 | 0.1222 0.1667
True      |      18 |       [1, 1, 4, 18, 0, 0] |      108 |      94     126 |      14      18 | 0.1296 0.1667
True      |      19 |      [1, 1, 10, 19, 0, 0] |      216 |     190     252 |      26      36 | 0.1204 0.1667
True      |      20 |      [1, 1, 19, 20, 0, 0] |      378 |     334     441 |      44      63 | 0.1164 0.1667
True      |      21 |       [1, 1, 5, 21, 0, 0] |      126 |     110     147 |      16      21 | 0.127 0.1667
True      |      22 |       [1, 1, 2, 22, 0, 0] |       72 |      62      84 |      10      12 | 0.1389 0.1667
True      |      23 |       [1, 1, 7, 23, 0, 0] |      162 |     142     189 |      20      27 | 0.1235 0.1667
True      |      24 |      [1, 1, 15, 24, 0, 0] |      306 |     270     357 |      36      51 | 0.1176 0.1667
True      |      25 |      [1, 1, 14, 25, 0, 0] |      288 |     254     336 |      34      48 | 0.1181 0.1667
True      |      26 |      [1, 1, 23, 26, 0, 0] |      450 |     398     525 |      52      75 | 0.1156 0.1667
True      |      27 |      [1, 1, 13, 27, 0, 0] |      270 |     238     315 |      32      45 | 0.1185 0.1667
True      |      28 |      [1, 1, 25, 28, 0, 0] |      486 |     430     567 |      56      81 | 0.1152 0.1667
True      |      29 |       [1, 1, 9, 29, 0, 0] |      198 |     174     231 |      24      33 | 0.1212 0.1667
True      |      30 |       [1, 1, 7, 30, 0, 0] |      162 |     142     189 |      20      27 | 0.1235 0.1667
True      |      31 |      [1, 1, 22, 31, 0, 0] |      432 |     382     504 |      50      72 | 0.1157 0.1667
True      |      32 |      [1, 1, 11, 32, 0, 0] |      234 |     206     273 |      28      39 | 0.1197 0.1667
True      |      33 |       [1, 1, 8, 33, 0, 0] |      180 |     158     210 |      22      30 | 0.1222 0.1667
True      |      34 |      [1, 1, 24, 34, 0, 0] |      468 |     414     546 |      54      78 | 0.1154 0.1667
True      |      35 |      [1, 1, 23, 35, 0, 0] |      450 |     398     525 |      52      75 | 0.1156 0.1667
True      |      36 |       [1, 1, 7, 36, 0, 0] |      162 |     142     189 |      20      27 | 0.1235 0.1667
True      |      37 |       [1, 1, 5, 37, 0, 0] |      126 |     110     147 |      16      21 | 0.127 0.1667
True      |      38 |      [1, 1, 14, 38, 0, 0] |      288 |     254     336 |      34      48 | 0.1181 0.1667
True      |      39 |      [1, 1, 27, 39, 0, 0] |      522 |     462     609 |      60      87 | 0.1149 0.1667
True      |      40 |      [1, 1, 17, 40, 0, 0] |      342 |     302     399 |      40      57 | 0.117 0.1667
True      |      41 |       [1, 1, 7, 41, 0, 0] |      162 |     142     189 |      20      27 | 0.1235 0.1667
True      |      42 |      [1, 1, 23, 42, 0, 0] |      450 |     398     525 |      52      75 | 0.1156 0.1667
True      |      43 |      [1, 1, 22, 43, 0, 0] |      432 |     382     504 |      50      72 | 0.1157 0.1667
True      |      44 |      [1, 1, 17, 44, 0, 0] |      342 |     302     399 |      40      57 | 0.117 0.1667
True      |      45 |      [1, 1, 42, 45, 0, 0] |      792 |     702     924 |      90     132 | 0.1136 0.1667
True      |      46 |      [1, 1, 35, 46, 0, 0] |      666 |     590     777 |      76     111 | 0.1141 0.1667
True      |      47 |      [1, 1, 17, 47, 0, 0] |      342 |     302     399 |      40      57 | 0.117 0.1667
True      |      48 |      [1, 1, 16, 48, 0, 0] |      324 |     286     378 |      38      54 | 0.1173 0.1667
True      |      49 |       [1, 1, 4, 49, 0, 0] |      108 |      94     126 |      14      18 | 0.1296 0.1667
True      |      50 |      [1, 1, 20, 50, 0, 0] |      396 |     350     462 |      46      66 | 0.1162 0.1667
True      |      51 |      [1, 1, 42, 51, 0, 0] |      792 |     702     924 |      90     132 | 0.1136 0.1667
True      |      52 |       [1, 1, 5, 52, 0, 0] |      126 |     110     147 |      16      21 | 0.127 0.1667
True      |      53 |       [1, 1, 2, 53, 0, 0] |       72 |      62      84 |      10      12 | 0.1389 0.1667
True      |      54 |      [1, 1, 48, 54, 0, 0] |      900 |     798    1050 |     102     150 | 0.1133 0.1667
True      |      55 |      [1, 1, 40, 55, 0, 0] |      756 |     670     882 |      86     126 | 0.1138 0.1667
True      |      56 |      [1, 1, 15, 56, 0, 0] |      306 |     270     357 |      36      51 | 0.1176 0.1667
True      |      57 |      [1, 1, 30, 57, 0, 0] |      576 |     510     672 |      66      96 | 0.1146 0.1667
True      |      58 |      [1, 1, 36, 58, 0, 0] |      684 |     606     798 |      78     114 | 0.114 0.1667
True      |      59 |      [1, 1, 12, 59, 0, 0] |      252 |     222     294 |      30      42 | 0.119 0.1667
True      |      60 |      [1, 1, 28, 60, 0, 0] |      540 |     478     630 |      62      90 | 0.1148 0.1667
True      |      61 |      [1, 1, 17, 61, 0, 0] |      342 |     302     399 |      40      57 | 0.117 0.1667
True      |      62 |      [1, 1, 12, 62, 0, 0] |      252 |     222     294 |      30      42 | 0.119 0.1667
True      |      63 |      [1, 1, 14, 63, 0, 0] |      288 |     254     336 |      34      48 | 0.1181 0.1667
True      |      64 |      [1, 1, 13, 64, 0, 0] |      270 |     238     315 |      32      45 | 0.1185 0.1667
True      |      65 |      [1, 1, 44, 65, 0, 0] |      828 |     734     966 |      94     138 | 0.1135 0.1667
True      |      66 |       [1, 1, 6, 66, 0, 0] |      144 |     126     168 |      18      24 | 0.125 0.1667
True      |      67 |      [1, 1, 43, 67, 0, 0] |      810 |     718     945 |      92     135 | 0.1136 0.1667
True      |      68 |       [1, 1, 6, 68, 0, 0] |      144 |     126     168 |      18      24 | 0.125 0.1667
True      |      69 |      [1, 1, 31, 69, 0, 0] |      594 |     526     693 |      68      99 | 0.1145 0.1667
True      |      70 |       [1, 1, 8, 70, 0, 0] |      180 |     158     210 |      22      30 | 0.1222 0.1667
True      |      71 |      [1, 1, 40, 71, 0, 0] |      756 |     670     882 |      86     126 | 0.1138 0.1667
True      |      72 |      [1, 1, 18, 72, 0, 0] |      360 |     318     420 |      42      60 | 0.1167 0.1667
True      |      73 |      [1, 1, 32, 73, 0, 0] |      612 |     542     714 |      70     102 | 0.1144 0.1667
True      |      74 |      [1, 1, 14, 74, 0, 0] |      288 |     254     336 |      34      48 | 0.1181 0.1667
True      |      75 |      [1, 1, 30, 75, 0, 0] |      576 |     510     672 |      66      96 | 0.1146 0.1667
True      |      76 |      [1, 1, 49, 76, 0, 0] |      918 |     814    1071 |     104     153 | 0.1133 0.1667
True      |      77 |       [1, 1, 0, 77, 0, 0] |       36 |      30      42 |       6       6 | 0.1667 0.1667
True      |      78 |      [1, 1, 71, 78, 0, 0] |     1314 |    1166    1533 |     148     219 | 0.1126 0.1667
True      |      79 |       [1, 1, 2, 79, 0, 0] |       72 |      62      84 |      10      12 | 0.1389 0.1667
True      |      80 |      [1, 1, 45, 80, 0, 0] |      846 |     750     987 |      96     141 | 0.1135 0.1667
True      |      81 |      [1, 1, 79, 81, 0, 0] |     1458 |    1294    1701 |     164     243 | 0.1125 0.1667
True      |      82 |       [1, 1, 7, 82, 0, 0] |      162 |     142     189 |      20      27 | 0.1235 0.1667
True      |      83 |      [1, 1, 59, 83, 0, 0] |     1098 |     974    1281 |     124     183 | 0.1129 0.1667
True      |      84 |      [1, 1, 54, 84, 0, 0] |     1008 |     894    1176 |     114     168 | 0.1131 0.1667
True      |      85 |       [1, 1, 1, 85, 0, 0] |       54 |      46      63 |       8       9 | 0.1481 0.1667
True      |      86 |      [1, 1, 32, 86, 0, 0] |      612 |     542     714 |      70     102 | 0.1144 0.1667
True      |      87 |      [1, 1, 26, 87, 0, 0] |      504 |     446     588 |      58      84 | 0.1151 0.1667
True      |      88 |      [1, 1, 64, 88, 0, 0] |     1188 |    1054    1386 |     134     198 | 0.1128 0.1667
True      |      89 |      [1, 1, 71, 89, 0, 0] |     1314 |    1166    1533 |     148     219 | 0.1126 0.1667
True      |      90 |      [1, 1, 13, 90, 0, 0] |      270 |     238     315 |      32      45 | 0.1185 0.1667
True      |      91 |       [1, 1, 1, 91, 0, 0] |       54 |      46      63 |       8       9 | 0.1481 0.1667
True      |      92 |      [1, 1, 75, 92, 0, 0] |     1386 |    1230    1617 |     156     231 | 0.1126 0.1667
True      |      93 |      [1, 1, 87, 93, 0, 0] |     1602 |    1422    1869 |     180     267 | 0.1124 0.1667
True      |      94 |      [1, 1, 57, 94, 0, 0] |     1062 |     942    1239 |     120     177 | 0.113 0.1667
True      |      95 |      [1, 1, 32, 95, 0, 0] |      612 |     542     714 |      70     102 | 0.1144 0.1667
True      |      96 |       [1, 1, 3, 96, 0, 0] |       90 |      78     105 |      12      15 | 0.1333 0.1667
True      |      97 |      [1, 1, 41, 97, 0, 0] |      774 |     686     903 |      88     129 | 0.1137 0.1667
True      |      98 |      [1, 1, 15, 98, 0, 0] |      306 |     270     357 |      36      51 | 0.1176 0.1667
True      |      99 |      [1, 1, 85, 99, 0, 0] |     1566 |    1390    1827 |     176     261 | 0.1124 0.1667
True      |     100 |     [1, 1, 27, 100, 0, 0] |      522 |     462     609 |      60      87 | 0.1149 0.1667
Avg min percent off: 12.27%
Avg max percent off: 16.67%
